101955     20.632 0.404822 0.455772 -4.52555e-14 2.3686e-16  -0.00188931  9.88832e-06 0.00232026  191.064   1      580  8  8 29 0  3  198   469.      488.     507.    0   4.29  N 18.675
1998 SD9   23.918 0.788754 6.84154  -2.89846e-13 1.56416e-15 -0.0197061   0.000106344 0.0317902   185.305   1      149  4  5  1 0  0   27    25.295    35.41    75.886 1  -1.    N 19.992
99942      18.945 0.307869 0.336636 -2.88894e-14 2.35076e-16 -0.00132587  1.07888e-05 0.00281091  122.894   1     9523 18 20 50 0  5    0   300.      340.     380.    0  27.38  N 17.18
480883     20.9   0.472885 2.48602  -6.91898e-14 7.31295e-16 -0.00504483  5.33209e-05 0.0116117    94.6127  1      430  1  5  7 0  2    0   103.673   172.78   287.979 1  -1.    V 20.085
2340       20.437 0.728716 0.759563 -2.99871e-14 5.2506e-16  -0.00173809  3.04332e-05 0.00802837   57.1118  1     1369 35 78  7 0  0   92   134.014   193.57   312.7   1   3.35  Q 45.12
524522     20.53  0.463988 1.09957  -5.98376e-14 1.05102e-15 -0.00359165  6.30856e-05 0.00425731   56.9329  1      606  8 21 10 0  7    0   112.383   176.6    337.15  1  13.43  N 16.06
2002 BF25  22.48  0.454582 0.883854  1.66785e-13 2.95969e-15  0.00719033  0.000127596 0.00756175   56.3522  1      143  0 48  4 0  0    0   149.      152.     155.    0  -1.    N 20.027
2012 UR158 20.653 0.574749 0.639635 -7.71304e-12 1.72216e-13 -0.814757    0.0181918   0.00633912   44.787   Rej.   161  1 15  0 0  0    0   320.      629.     938.    0  -1.    N 10.07
523599     19.722 0.469043 1.1266    2.12069e-12 5.10378e-14  0.082924    0.0019957   0.0021836    41.5513  Rej.   329  4 51  0 0  0    0    66.948   200.84   602.531 1  -1.    N 15.2
2000 EB14  23.285 0.588329 1.04123  -2.70053e-13 6.8518e-15  -0.0160609   0.000407499 0.0214116    39.4134  1       83  2 27  0 0  0    0    38.136    55.08    97.459 1   1.79  N 22.015
483656     23.798 0.609339 1.25195  -1.40104e-13 3.83679e-15 -0.00800644  0.000219259 0.0267661    36.5159  1      207  5 41  1 0  0    0    28.288    40.86    84.863 1   1.69  N 18.015
2009 BD    28.211 0.449257 0.968406 -1.57655e-12 4.95537e-14 -0.0667463   0.00209795  0.0285392    31.815   Rej.   197  0  1  0 0  0    0     2.58      4.64     8.77  1  -1.    N  2.423
480808     20.652 0.517807 0.904728 -4.57163e-14 1.59948e-15 -0.00327779  0.00011468  0.00663039   28.582   1      297 12 35  0 0  0   75   119.733   188.15   324.989 1  -1.    N 28.049
152563     19.768 0.542906 0.850822 -2.63408e-14 9.22744e-16 -0.00126754  4.44032e-05 0.00364079   28.5462  1      408  5  5  0 0  0  113   271.      368.     465.    0  -1.    K 69.958
1995 CR    21.74  0.732679 0.976971 -4.77609e-14 1.67321e-15 -0.00866538  0.000303574 0.0121746    28.5445  1      265  3 13  0 0  0  160    68.792   108.1    167.066 1   2.66  N 19.025
2010 VQ    27.722 0.647869 2.58768  -8.5102e-13  3.10648e-14 -0.0405427   0.00147993  0.0399421    27.395   1       60  0  0  0 0  0    0     3.915     5.48    10.178 1  -1.    N 12.077
441987     21.385 0.473926 0.476367 -3.7215e-14  1.39283e-15 -0.00183072  6.85175e-05 0.00424095   26.719   1     1000 13 13 18 0 10    0   216.      228.     240.    0   5.54  S 13.021
2019 XS    23.883 0.524428 0.585659 -1.62979e-13 7.12752e-15 -0.00773308  0.00033819  0.0166653    22.8661  1     1665 22 26  5 0  1    0    29.597    42.75    69.06  1  -1.    N 21.681
2002 JR100 24.294 0.548297 0.908433 -2.83962e-13 1.30309e-14 -0.013768    0.000631808 0.0277682    21.7914  1      150  1 14  0 0  0    0    26.       28.      30.    0  -1.    N 17.213
612197     22.624 0.543316 0.571581  1.91899e-13 8.84372e-15  0.00961797  0.000443248 0.00912998   21.6989  1       80  1 10  0 0  0    0   121.      176.     231.    0  -1.    N 19.094
2018 CW2   25.682 0.80745  1.01859  -4.92261e-13 2.39971e-14 -0.0291045   0.00141881  0.0430624    20.5134  1      159  2 19  3 0  1    0    11.919    17.21    30.461 1  -1.    N  4.022
2003 BN4   24.125 0.688284 0.940957 -1.8365e-13  9.54279e-15 -0.0071304   0.000370508 0.011788     19.2449  1      114  2 10  0 0  0    0    19.639    35.35    58.917 1  -1.    N 20.14
2003 FY6   22.584 0.469755 0.728321 -6.87115e-14 3.64741e-15 -0.00516518  0.000274183 0.0186097    18.8384  1      207  3 17  0 0  0    0    42.856    77.14   128.569 1  -1.    N 20.074
2001 CQ36  22.532 0.56106  0.826746 -1.48395e-13 7.92877e-15 -0.00670924  0.000358476 0.0158969    18.716   1      160  3  9  2 0  1    0    56.5      68.      79.5   0  -1.    N 21.221
2006 CT    22.278 0.519562 0.888499 -9.0791e-14  4.86313e-15 -0.00388821  0.000208268 0.00942211   18.6693  Rej.   137  1  3  4 0  0    3    54.242    90.4    150.673 1  16.69  N 30.979
2000 PN8   22.    0.537899 1.05604   1.31452e-13 7.12748e-15  0.00523494  0.000283843 0.00678478   18.443   1      187  8 12  0 0  0    0    61.142   101.9    169.84  1  -1.    N 21.032
2012 BB124 21.071 0.438589 0.791155  7.02396e-14 3.88038e-15  0.00290486  0.000160479 0.00531532   18.1012  1      219  0  1  0 0  0    2   103.736   149.84   265.103 1  -1.    N 46.251
2011 EP51  25.235 0.389102 0.69091  -3.26304e-13 1.86676e-14 -0.0168164   0.000962054 0.0295576    17.4797  1      318  2  3  0 0  0    0    13.425    21.09    36.439 1  -1.    N  8.871
2003 YL118 21.609 0.471624 0.576543 -1.73152e-13 1.03687e-14 -0.00905692  0.000542347 0.00855013   16.6995  1      122  1 10  0 0  0    0    74.062   123.43   205.726 1  -1.    N 18.084
2002 XQ40  22.319 0.640357 0.80894  -9.90402e-14 5.96369e-15 -0.00462836  0.000278696 0.00971281   16.6072  1      207  1 16  0 0  0    0    55.916    87.86   135.796 1  -1.    N 19.22
2009 WB105 23.499 0.498313 0.77949   1.37907e-13 8.43158e-15  0.00688506  0.00042095  0.0166766    16.356   1      178  0 10  0 0  0    0    31.867    50.07   113.812 1  -1.    N 12.025
364136     20.18  0.629856 0.715757 -3.06172e-14 1.87876e-15 -0.00367582  0.000225559 0.00875954   16.2965  1      546 16 23  8 0  1    0   160.      230.     300.    0  -1.    N 16.077
138175     20.401 0.602221 0.683793 -9.63882e-14 5.95687e-15 -0.00446822  0.00027614  0.00563312   16.181   1     1255  8  8  3 0  0    5   129.602   203.66   351.777 1  -1.    L 23.715
2012 GA5   24.207 0.522902 1.16599  -1.07735e-13 6.7525e-15  -0.00430032  0.000269532 0.0128459    15.9548  Rej.    75  8  9  0 0  0    0    24.264    33.08    55.145 1  -1.    N 22.185
2016 GW221 24.763 0.645175 0.63934  -1.46083e-13 9.2023e-15  -0.00735097  0.000463066 0.0331203    15.8746  1      228  3 20  1 0  0    0    16.621    27.7     42.476 1   0.28  N  6.037
2007 TF68  22.634 0.536663 0.740134 -2.09103e-13 1.33042e-14 -0.00805496  0.000512498 0.00797331   15.7171  1      167  3 12  0 0  0    0    48.875    66.64   102.192 1  -1.    N 20.066
185851     18.218 0.473528 0.483501  9.62841e-15 6.24904e-16  0.000407794 2.64667e-05 0.00072722   15.4078  1     1524  7  7 23 0  2    0   661.      784.     907.    0   2.77  M 21.99
2010 GD35  24.624 0.678324 1.06175   1.79461e-13 1.1744e-14   0.011357    0.000743208 0.0343564    15.2811  1       71  1 10  0 0  0    0    17.983    25.17    46.756 1  -1.    N 11.992
2018 KR    26.393 0.783552 1.19519  -2.15224e-13 1.44123e-14 -0.0101639   0.000680621 0.0315989    14.9333  1       60  1 10  0 0  0    0     7.685    12.8     21.346 1  -1.    N 10.136
450237     23.014 0.52484  0.646633 -1.12765e-13 7.55271e-15 -0.00526751  0.000352803 0.0124843    14.9304  1      147  2 10  0 0  0    0    93.       96.      99.    0  -1.    N 20.101
85990      20.165 0.538663 0.615955 -3.15698e-14 2.18021e-15 -0.0014786   0.000102112 0.00354938   14.4802  1     1176  9  9 15 0  0   95   221.      442.     663.    0   6.53  N 22.779
2004 JN1   23.577 0.568133 0.701388 -3.90617e-13 2.73733e-14 -0.0164312   0.00115145  0.0123802    14.27    Rej.   114  5 10  0 0  0    0    27.283    45.47    81.849 1  -1.    N  7.545
2011 CL50  27.329 0.522346 0.935996  4.23044e-12 3.00727e-13  0.194959    0.013859    0.0340714    14.0674  Rej.   133  2  5  0 0  0    0     5.672     7.73    12.892 1  -1.    N  9.873
2003 AF23  20.936 0.571671 0.723473 -4.44805e-14 3.22915e-15 -0.00246719  0.000179111 0.00318349   13.7747  1      520 21 20  3 1  1    0   386.      625.     864.    0  20.1   C 18.127
2001 BB16  23.015 0.533612 0.735049  3.2436e-13  2.40288e-14  0.0153562   0.0011376   0.0133769    13.4988  Rej.    56  2 10  1 0  0    0    39.704    62.39   107.768 1  -1.    N 19.075
139359     16.515 0.521064 0.610959 -2.64737e-13 1.98486e-14 -0.0275336   0.00206432  0.000864918  13.3378  Rej.   749  6  7  1 0  0    0  2220.     4940.    7660.    0  -1.    P 21.911
2000 TU28  21.054 0.439671 0.718005 -8.2484e-14  6.19434e-15 -0.00349841  0.000262722 0.00355444   13.316   1      280  5  5  0 0  0    0   104.78    151.34   267.772 1 128.5   S 21.67
1862       16.122 0.482127 0.483456 -3.74157e-15 2.84145e-16 -0.000190871 1.44952e-05 0.000944132  13.1678  1     2913 27 27 17 0  4  320  1480.     1550.    1620.    0   3.06  Q 74.918
363599     21.022 0.491554 0.604934 -6.37546e-14 4.97974e-15 -0.00451215  0.000352435 0.0100307    12.8028  1      405  6  7  8 0  1    0   149.      152.     155.    0   7.02  N 18.048
326354     22.788 0.522515 0.828171 -1.52929e-13 1.20393e-14 -0.0062738   0.000493904 0.00925766   12.7025  1       67  1  6  0 0  0    0    41.549    69.24   115.415 1  -1.    N 22.615
401885     20.507 0.465863 0.605066 -4.77597e-14 3.79487e-15 -0.00240239  0.000190889 0.00521799   12.5853  1      419  1  4  0 0  0    0   142.44    194.23   323.727 1  -1.    S 21.158
477719     25.261 0.684965 0.822706 -1.79163e-13 1.47246e-14 -0.00683813  0.000561995 0.0120359    12.1676  1      132  4 12  0 0  0    0    14.661    18.85    35.606 1  -1.    N 11.997
2014 RQ17  22.295 0.389313 0.629435 -4.15108e-14 3.42275e-15 -0.00164974  0.000136028 0.00972772   12.1279  1      146  1  7  6 0  0    3    49.744    92.38   149.231 1   0.52  V 68.192
363027     19.644 0.539238 0.576452  1.51005e-14 1.25142e-15  0.00098515  8.16424e-05 0.00430375   12.0667  1      600 11 11  7 0  2   82   395.      658.     921.    0   3.    C 23.058
350462     22.105 0.513214 0.645014 -6.99408e-14 5.81098e-15 -0.00279628  0.000232327 0.00707138   12.036   1      316  4  8  0 0  0   18    65.294    94.31   152.353 1  -1.    N 24.999
612600     22.808 0.53641  0.744208 -1.76501e-13 1.48383e-14 -0.00711312  0.000597993 0.00914962   11.895   1      112  0  2  0 0  0    0    37.3      69.27   111.901 1  -1.    N 18.242
1566       16.553 0.572138 0.604138 -3.88525e-15 3.3741e-16  -0.00050242  4.36321e-05 0.00111027   11.5149  1     1810 52 52 23 0  0  837  1010.     1069.    1128.    0  -1.    S 74.048
468468     21.896 0.548038 0.763531 -6.50229e-14 5.68663e-15 -0.00435601  0.000380958 0.00534091   11.4344  1      231  0  0  1 0  0    0   186.      197.     208.    0  -1.    S 18.015
2016 TH94  24.601 0.666694 0.71503  -2.32103e-13 2.0414e-14  -0.0125928   0.00110757  0.0268643    11.3698  1      127  4 13  3 0  0    0    17.316    24.24    45.022 1  -1.    N  6.051
399308     20.636 0.64036  0.817378  6.99709e-14 6.20569e-15  0.00300008  0.000266076 0.00450442   11.2753  1      162  6 10  0 0  0   18   108.542   170.56   294.614 1  -1.    N 29.114
613569     21.971 0.713702 0.862625  1.17811e-13 1.05489e-14  0.00696277  0.00062345  0.0108851    11.1681  1      179  3  7  0 0  0    0    71.627    92.09   153.486 1  -1.    N 17.936
2007 TF15  24.688 0.521195 0.607003 -2.28162e-13 2.07652e-14 -0.00921977  0.0008391   0.014974     10.9877  1       76  0  3  0 0  0    0     7.391    22.17    36.957 1  -1.    N  6.984
437844     21.138 0.633063 0.849964  3.48587e-14 3.20147e-15  0.00323598  0.000297196 0.00741766   10.8883  1      169  4  5  0 0  0   50    81.44    151.24   244.321 1   5.48  S 21.054
613995     23.005 0.562774 0.83007  -1.99747e-13 1.83787e-14 -0.00952346  0.000876253 0.00637947   10.8684  Rej.   112  1  4  0 0  0    0   190.      193.     196.    0  -1.    N 12.813
2016 PF8   21.437 0.877251 1.15431   1.75797e-13 1.62209e-14  0.0102822   0.000948743 0.00826554   10.8377  Rej.   108  3  2  0 0  0    0    89.893   115.57   218.312 1  -1.    N 19.83
2015 EG    25.621 0.433211 0.609953 -1.92309e-13 1.78679e-14 -0.0100834   0.000936871 0.0563553    10.7628  1      146  0  2  5 0  0    0    12.55     17.11    28.522 1   1.29  N  7.937
612094     23.165 0.624632 0.646975 -8.42215e-14 8.09192e-15 -0.00342475  0.000329047 0.0104194    10.4081  1      180  6  8  2 0  0  155    28.406    62.49   107.942 1  -1.    N 19.729
265482     21.242 0.443753 0.567016  8.85089e-14 8.59693e-15  0.00396322  0.00038495  0.00635333   10.2954  1      458  3  1  5 0  0    0    80.114   112.16   208.296 1  -1.    S 18.91
85953      18.092 0.473794 0.503646 -1.41157e-14 1.37593e-15 -0.00137951  0.000134468 0.00171548   10.259   1     1641  9 10  0 0  0   67   506.      632.     758.    0  17.62  N 52.178
2021 GM1   30.422 0.61573  0.780379 -1.12776e-11 1.10382e-12 -0.487617    0.0477267   0.0337581    10.2168  Rej.   113  0  2  0 0  0    0     1.371     1.87     2.867 1  -1.    N  0.942
2018 HG2   24.28  0.651111 0.710555 -4.2741e-13  4.30492e-14 -0.0186273   0.00187617  0.0152229     9.92841 Rej.    59  1  5  0 0  0    0    23.97     29.29    55.929 1  -1.    N 20.526
264357     21.065 0.623678 0.841143 -4.8162e-14  4.86849e-15 -0.00272009  0.000274962 0.00896913    9.89259 1      169  6  5  5 0  0    0   102.      136.     170.    0  -1.    S 21.903
2017 OU18  23.942 0.660388 1.14332   9.33919e-14 9.4924e-15   0.0050893   0.000517278 0.0222742     9.8386  1       33  0  2  0 0  0    0    28.228    40.77    78.41  1  -1.    N 11.989
2005 RZ2   23.317 0.665045 1.0377   -1.24946e-13 1.28254e-14 -0.00509821  0.000523319 0.0105524     9.74206 1       68  0  1  0 0  0    0    38.629    49.66   104.85  1  -1.    S 14.508
326290     21.729 0.584008 0.662245 -3.16933e-14 3.25473e-15 -0.00178066  0.000182864 0.0157891     9.73762 1      346  4  6  1 0  0  118    71.129    99.58   184.934 1  -1.    V 28.016
216985     21.083 0.545233 0.56626   1.06222e-13 1.10581e-14  0.00445685  0.000463975 0.0054954     9.60581 1      252  1  6  0 0  0    0    97.146   161.91   269.849 1  -1.    N 22.308
1996 AE2   20.273 0.671695 0.735842  5.28365e-14 5.54389e-15  0.00205404  0.000215521 0.00336929    9.53058 1      334  2  4  0 0  0   86    50.474   151.42   454.265 1  -1.    N 24.052
488453     19.223 0.519582 0.530982  2.28397e-14 2.42242e-15  0.00137359  0.000145685 0.00312663    9.42848 1      631 11 10  8 0  2   29   237.803   373.69   713.408 1   2.73  S 28.531
2009 OS5   24.049 0.560252 0.828056 -3.25642e-13 3.47646e-14 -0.0130499   0.00139317  0.0126984     9.36705 1      119  1  1  0 0  0    0    23.956    34.6     66.543 1  -1.    N 11.146
613862     23.08  0.605156 0.719732 -1.82462e-13 1.95308e-14 -0.00819709  0.000877417 0.0123323     9.34229 1      314  5  4  0 0  0    0    35.717    56.12   107.151 1  -1.    N 14.297
2005 VL1   26.351 0.796768 1.06112  -2.16874e-13 2.33361e-14 -0.0102745   0.00110556  0.0314694     9.29348 1       79  5  6  0 0  0    0     8.641    12.48    22.083 1  -1.    N 16.082
3361       19.515 0.350352 0.368947  1.99723e-14 2.17497e-15  0.000860842 9.37451e-05 0.00266087    9.1828  1     2753 15 16  2 0  0   96   293.      348.     403.    0   3.53  S 39.8
481442     21.567 0.503911 0.603972 -5.65543e-14 6.17372e-15 -0.00335774  0.000366546 0.00920056    9.16048 1      316  7  8  0 0  0    0    50.895   118.75   220.543 1  -1.    N 20.071
216523     20.574 0.535065 0.635543  3.8427e-14  4.23523e-15  0.00205604  0.000226606 0.00577216    9.07319 1      350  0  0  0 0  0    0   130.417   167.68   316.728 1  -1.    S 22.207
2000 EM26  22.367 0.717075 0.840222 -1.65047e-13 1.82233e-14 -0.00991324  0.00109455  0.0145267     9.05691 1       97  4  7  0 0  0    0    50.644    79.58   151.933 1  -1.    N 20.145
297418     18.527 0.391351 0.433595 -2.16703e-14 2.39299e-15 -0.00130648  0.000144271 0.00375381    9.05574 1     1183  6  6  1 0  0    0   386.      411.     436.    0   6.3   V 22.253
2008 DB    25.741 0.638625 0.709871 -1.34594e-12 1.49881e-13 -0.0588542   0.00655387  0.0222818     8.98008 Rej.    89  4  8  0 0  0    0    11.407    14.66    27.702 1  -1.    N 13.057
455176     20.733 0.532361 0.614728 -4.83084e-14 5.38066e-15 -0.00393878  0.000438707 0.00732497    8.97815 1      396  7  6  6 0  1   69    95.325   171.58   285.975 1  -1.    N 22.283
162004     18.222 0.653144 0.666867  2.54142e-14 2.84751e-15  0.00204832  0.000229502 0.00161817    8.92505 Rej.  1408 53 54  2 0  1  162   328.165   546.94   911.569 1  13.52  N 68.071
99907      17.937 0.480902 0.513297  1.63838e-14 1.84519e-15  0.00126128  0.000142049 0.00283998    8.87919 1     1233  7  7  0 0  0  168   468.      643.     818.    0   2.51  N 33.131
310842     19.768 0.469303 0.530396 -3.76145e-14 4.26201e-15 -0.00200148  0.000226783 0.00359772    8.82553 1      600  8  8  4 0  0    0   185.975   268.63   433.941 1  -1.    N 19.214
4179       15.235 0.36827  0.376064 -6.15092e-15 6.98681e-16 -0.000272046 3.09016e-05 0.000239713   8.80362 1     6670 20 20 63 0  0  741  2531.     2725.    2919.    0 130.    S 89.341
2021 UN7   23.338 0.816757 0.917162 -2.84062e-13 3.26247e-14 -0.0142823   0.00164033  0.0156214     8.70696 1      100  2  5  0 0  0    0    32.32     50.78    96.96  1  -1.    N  8.044
2013 GZ7   24.039 0.428852 0.641887 -6.58434e-14 7.59139e-15 -0.00244837  0.000282283 0.0103885     8.67344 Rej.    89  0  2  0 0  0    0    19.843    19.84    46.301 1  -1.    N 20.131
2009 WF    19.754 0.480775 0.507126  2.45347e-13 2.86181e-14  0.00992309  0.00115746  0.0028101     8.57314 Rej.   265  1  3  0 0  0    3    71.061   213.18   355.305 1  -1.    N 26.196
330659     22.914 0.595959 0.700645  8.72153e-14 1.01855e-14  0.00318565  0.000372038 0.00780401    8.5627  1      273  3  3  0 0  0    0    17.417    17.41    52.252 1  -1.    S 18.114
175706     18.314 0.417164 0.428154 -1.20935e-14 1.41808e-15 -0.00056997  6.68344e-05 0.000996969   8.52809 1     2380  5  6  7 0  1  352  1640.     1710.    1780.    0   3.59  C 37.47
480820     20.835 0.663819 0.755116  2.76305e-14 3.2414e-15   0.00158394  0.000185815 0.0183716     8.52426 1      157  6  9  0 0  0   47   106.426   167.24   288.87  1  -1.    X 22.015
2062       17.096 0.490304 0.518368 -1.40592e-14 1.68847e-15 -0.000628154 7.54395e-05 0.00135009    8.3266  1     1054  2  3  7 0  0  195   735.      765.     795.    0  40.77  Q 63.899
10302      19.456 0.501692 0.530674  4.49395e-14 5.42467e-15  0.00172402  0.000208107 0.00252616    8.28429 1     1161 14 14  0 0  0  205   202.5     245.     287.5   0  19.    E 33.539
595116     22.929 0.727116 0.980348 -1.36234e-13 1.65469e-14 -0.00505709  0.000614229 0.00822219    8.23323 1       69  0  1  0 0  0    0    36.858    57.92   121.105 1  -1.    N 21.032
2009 EM1   22.99  0.620502 0.70142  -3.03695e-13 3.73589e-14 -0.0118362   0.00145603  0.00629942    8.12912 Rej.   120  0  3  0 0  0    0    33.023    77.05   165.113 1  -1.    S 12.011
385186     17.634 0.397942 0.412697  1.19771e-14 1.48948e-15  0.000486579 6.05113e-05 0.00117399    8.04111 1     2709  8  8  4 0  0  199   792.      817.     842.    0   2.51  L 36.224
470975     21.452 0.512764 0.535724 -1.15146e-13 1.43738e-14 -0.00449069  0.00056058  0.00581252    8.01081 1      344  5  8  2 0  0    0    85.073   109.38   206.606 1  -1.    S 20.641
510529     21.687 0.568079 0.605146 -1.33924e-13 1.69767e-14 -0.00543073  0.000688419 0.00629136    7.8887  1      155  2  5  0 0  0    0    85.498   116.58   209.858 1  -1.    N 22.051
2014 WF497 20.388 0.588651 0.74635   1.71778e-13 2.19078e-14  0.00728239  0.000928765 0.00408203    7.84094 Rej.   126  5  5  0 0  0    0   144.976   209.4    370.493 1  -1.    N 20.074
1997 YM9   24.355 0.618521 0.899344  1.00741e-13 1.29506e-14  0.00413127  0.00053109  0.0143905     7.77885 1       71  0  0  0 0  0   36    21.373    30.87    54.619 1  -1.    N  8.348
1999 UQ    21.765 0.618526 0.686519 -1.022e-13   1.32276e-14 -0.00414999  0.000537129 0.0066975     7.72624 1      117  1  4  0 0  0   62    57.833   104.09   219.765 1  -1.    N 23.65
1994 WR12  22.475 0.578083 0.632006 -1.87812e-13 2.43368e-14 -0.0108863   0.00141065  0.0140604     7.71719 1      121  4  8  0 0  0   25    52.561    75.92   134.322 1  -1.    N 27.165
348306     21.503 0.615956 0.695369 -7.02449e-14 9.1189e-15  -0.00473218  0.000614311 0.0102009     7.70322 1      250 11 12  2 0  0    0    71.195   128.15   242.064 1  -1.    N 16.983
412976     19.934 0.574591 0.615885  6.87526e-14 8.95122e-15  0.0026462   0.000344521 0.00541126    7.68081 1      281  7  9  0 0  0   27   188.939   257.64   429.407 1  -1.    C 35.19
363505     18.358 0.464946 0.50795  -7.83047e-15 1.02029e-15 -0.000424475 5.5308e-05  0.000668125   7.67475 1      742  3  2  5 0  0    6  1869.     1881.    1893.    0  -1.    N 67.028
499998     24.017 0.521096 0.64553  -2.24698e-13 2.95608e-14 -0.00873178  0.00114873  0.0113723     7.60122 1      199  0  0  0 0  0    0    24.49     35.37    62.586 1  -1.    N  6.297
164207     21.141 0.659001 0.722845 -6.17822e-14 8.14661e-15 -0.00267124  0.00035223  0.0055421     7.5838  1      329  3  3  0 0  0    0   155.      163.     171.    0  -1.    S 21.952
6489       18.953 0.645847 0.648858 -1.25076e-14 1.6534e-15  -0.00053018  7.00851e-05 0.00367316    7.5648  1      980  5  5 40 0  2  714   289.      340.     391.    0   6.02  Q 24.553
2000 AA6   22.075 0.484844 0.536898  1.39301e-13 1.84717e-14  0.00714094  0.000946907 0.00407805    7.54133 Rej.   161  6  8  0 0  0    0   311.      316.     321.    0  -1.    N 19.009
152671     20.184 0.553044 0.607205 -4.96914e-14 6.67486e-15 -0.00229334  0.000308055 0.00395477    7.44456 1      506  4  3  0 0  0   64   290.      298.     306.    0  -1.    N 24.928
2022 QX4   24.712 0.51378  0.504175 -4.16668e-13 5.60395e-14 -0.0287727   0.00386977  0.042326      7.43526 1      202  1  4  0 0  0    0    16.414    27.35    41.947 1  -1.    N  9.092
350523     21.181 0.560201 0.674252  6.7461e-14  9.12658e-15  0.00282663  0.000382406 0.00592207    7.39171 1      198  4  4  0 0  0    0    81.971   128.81   245.912 1  -1.    S 19.258
467351     20.377 0.514498 0.556983  3.04694e-14 4.12434e-15  0.00205213  0.000277777 0.00477048    7.3877  1      472  5  6  0 0  0    0   148.594   214.63   379.74  1   6.48  N 18.078
494710     20.796 0.557764 0.629434 -5.60928e-14 7.64857e-15 -0.00308348  0.00042045  0.0111038     7.33376 1      318  2  2  0 0  0    0   102.289   143.2    265.953 1  -1.    C 19.967
2018 GY    24.88  0.802503 1.10351  -3.06706e-13 4.18714e-14 -0.017828    0.00243387  0.0332358     7.32496 1       41  6  6  0 0  0    0    14.555    22.87    43.664 1  -1.    N  4.027
334412     20.235 0.550206 0.586783 -5.50886e-14 7.59227e-15 -0.00209749  0.000289075 0.00397041    7.25588 1      637  4  4  0 0  0    0   168.      210.     252.    0  -1.    S 21.361
2012 UK171 24.369 0.452821 0.535234 -4.63092e-14 6.50783e-15 -0.00223149  0.000313591 0.0205323     7.11592 1      277  1  1  0 0  0    0    20.399    33.99    56.664 1  -1.    N  8.219
416151     20.65  0.635396 0.671318  6.02849e-14 8.48548e-15  0.00267955  0.000377164 0.00546921    7.10448 1      324 12 14  6 0  0    0   133.345   181.83   303.058 1  12.19  L 20.238
154590     21.614 0.59359  0.70002  -8.52688e-14 1.20326e-14 -0.00410863  0.000579784 0.0136442     7.08648 1      114  1  3  0 0  0    5    84.       86.      88.    0  -1.    N 20.309
2015 KJ19  22.485 0.512546 0.592943  2.54993e-13 3.61209e-14  0.0168665   0.00238921  0.0257713     7.05943 1      208  1  2  0 0  0    0    57.808    83.5    160.579 1  -1.    C  6.064
2012 PG6   20.278 0.464502 0.502479  6.87079e-14 9.73625e-15  0.00513801  0.000728081 0.00557262    7.05692 1      394  4  6  4 0  0    0   143.022   238.37   397.283 1  -1.    S 20.101
2018 KC2   22.947 0.564958 0.723229  3.06939e-13 4.37965e-14  0.0127863   0.00182445  0.00978137    7.00829 Rej.   100  0  1  0 0  0    0    40.998    59.22   113.884 1  -1.    N 10.029
2005 TF49  19.02  0.405113 0.419836 -3.14893e-14 4.51989e-15 -0.0013109   0.000188163 0.0022012     6.96683 Rej.   993 11 12  2 0  0    2   199.306   358.75   677.639 1  -1.    N 33.55
2012 HL31  22.425 0.605699 0.620212 -1.25504e-13 1.80751e-14 -0.00657734  0.000947271 0.0120478     6.94347 1       89  2  6  0 0  0    0    55.863    71.82   135.668 1  -1.    N  9.999
2010 VK139 23.713 1.11419  1.19411  -1.47123e-13 2.1202e-14  -0.00769662  0.00110916  0.0143612     6.93912 1      133  3  3  1 0  0    0    45.       55.      65.    0   0.03  N 11.012
66400      19.269 0.587467 0.619992 -2.43837e-14 3.54793e-15 -0.00166537  0.000242318 0.00373174    6.87266 1      605  3  3  0 0  0   87   321.      394.     467.    0  -1.    N 35.151
2021 FR1   22.367 0.575219 0.703197 -1.20588e-12 1.75624e-13 -0.0581567   0.00846994  0.0105974     6.86624 Rej.    91  0  1  0 0  0    0    56.817    82.06   145.199 1  -1.    N 10.768
422686     21.492 0.542132 0.59397   3.95759e-14 5.81861e-15  0.00198186  0.000291381 0.00565293    6.8016  1      315  1  2  0 0  0    0   171.      176.     181.    0  -1.    S 22.012
357622     20.334 0.483002 0.550101 -4.07938e-14 6.03124e-15 -0.00234372  0.000346512 0.0047726     6.76375 1      333  4  4  2 0  0    0   136.677   197.42   349.286 1   3.92  N 20.895
2012 UU136 21.473 0.617337 0.701162  9.80039e-14 1.45534e-14  0.00404558  0.000600761 0.00605597    6.73409 Rej.    91  0  2  0 0  0    0    64.272   115.68   218.524 1  -1.    N 20.022
2000 CK59  24.167 0.58594  0.74009  -1.84925e-13 2.76388e-14 -0.00715646  0.0010696   0.0113881     6.69078 1       71  1  2  0 0  0    0    24.823    35.85    63.436 1  -1.    N  8.999
283457     19.008 0.512309 0.558456 -5.51202e-14 8.26516e-15 -0.00197923  0.000296781 0.00485541    6.66898 1      458  8  8  0 0  0   12   237.341   372.96   644.21  1  -1.    X 70.015
424392     22.215 0.61814  0.642775 -1.6236e-13  2.44089e-14 -0.00712048  0.00107048  0.00698621    6.65166 1      187  2  5  0 0  0    0   140.      240.     340.    0  -1.    N 14.946
2011 PU1   25.512 0.494751 0.595828 -4.4443e-13  6.68991e-14 -0.0175863   0.00264723  0.0161157     6.64329 1      110  0  1  0 0  0    0    11.079    17.41    33.237 1  -1.    N  5.722
492143     17.781 0.444216 0.454256  2.68902e-13 4.07059e-14  0.0108178   0.00163759  0.00051873    6.60596 Rej.  1144  6  7  0 0  0    4   722.     1189.    1656.    0  77.51  M 32.734
2010 XX72  22.082 0.591784 0.71465  -1.60146e-13 2.43858e-14 -0.00778087  0.00118481  0.00944702    6.56716 1      146  2  1  0 0  0    0    66.805    91.09   163.975 1  -1.    N 12.03
2101       18.792 0.680582 0.776538 -3.09243e-14 4.73654e-15 -0.00230349  0.000352815 0.0028744     6.52888 1      155  5  5  5 0  0   75   227.304   409.14   772.835 1  -1.    N 84.323
4581       20.79  0.499804 0.509799 -3.60543e-14 5.52937e-15 -0.0017353   0.00026613  0.015128      6.5205  1      421  3  4  4 0  1   36   120.987   174.75   282.303 1   8.    X 32.049
2015 XC352 25.778 0.510642 0.555703 -7.5066e-13  1.15586e-13 -0.032304    0.00497414  0.0218197     6.49438 Rej.    84  0  3  2 0  0    0    11.415    16.48    26.635 1  -1.    N  3.578
2011 JW10  23.169 0.615657 0.872862 -2.03239e-13 3.13278e-14 -0.00790606  0.00121866  0.00934203    6.4875  1       56  1  1  0 0  0    0    27.283    49.11    92.764 1  -1.    N 12.052
69230      17.676 0.410019 0.409661 -1.1394e-14  1.76688e-15 -0.000615884 9.55055e-05 0.00156315    6.44867 1     2787 12 12  6 0  1   17   682.      803.     924.    0  13.89  N 85.654
1994 GL    25.548 0.69583  0.744394  4.43709e-13 6.91646e-14  0.0305503   0.00476214  0.055604      6.41526 1      105 12 14  0 0  0   16    12.18     18.82    29.896 1  -1.    N 25.999
33342      17.855 0.478268 0.489661 -2.45931e-14 3.83481e-15 -0.00149289  0.000232787 0.0032744     6.41312 1     1887 30 30 17 0  0   48   342.      403.     464.    0   3.69  K 23.242
2020 FW6   23.224 0.870506 0.998192 -1.29812e-13 2.02635e-14 -0.00528521  0.000825018 0.0102242     6.40618 1       87  1  1  0 0  0    0    35.335    55.52   106.004 1  -1.    N 12.03
506590     21.893 0.575503 0.672589  1.1163e-13  1.7584e-14   0.00540607  0.000851566 0.0128709     6.34839 1      129  1  2  0 0  0    0    87.       99.     111.    0  -1.    N 16.307
481965     20.684 0.572751 0.668153 -5.44908e-14 8.58924e-15 -0.00277187  0.000436923 0.00539528    6.34407 1      170  0  0  0 0  0    0   120.295   173.76   307.422 1  -1.    N 21.895
388188     18.966 0.473293 0.511156 -3.27734e-14 5.20196e-15 -0.00299619  0.000475571 0.00315158    6.3002  1      538  7  7  4 1  1    0   221.107   410.62   726.493 1   5.77  N 16.077
163000     19.223 0.471059 0.485986 -3.48793e-14 5.5369e-15  -0.00132922  0.000211006 0.00193602    6.29943 1     1397  8  8  0 0  0    5   270.      450.     630.    0  38.04  S 25.153
467460     19.015 0.589724 0.624606  3.42893e-14 5.49044e-15  0.00268474  0.000429884 0.00796247    6.24528 1      353  4  5  0 0  0    0   255.633   369.24   710.092 1  -1.    X 17.073
162361     20.189 0.437222 0.478208  2.9739e-14  4.78362e-15  0.00162261  0.000261003 0.0069572     6.21684 1      522  7  7  0 0  0    2   159.      203.     247.    0   3.45  N 32.074
2007 RY19  22.637 0.531196 0.644449 -1.24648e-13 2.05069e-14 -0.00537468  0.000884232 0.00969308    6.07836 1       67  0  1  0 0  0    0    43.923    69.02   131.77  1  -1.    N 13.993
4034       18.44  0.501324 0.532505 -3.58242e-14 5.95672e-15 -0.00184073  0.00030607  0.00360844    6.01408 1      690  4  3  1 0  0  100   357.      420.     483.    0  -1.    Q 36.036
163023     19.287 0.467293 0.515386  4.555e-14   7.63754e-15  0.00308809  0.000517791 0.00308259    5.96396 1      377  0  0  0 0  0    0   223.911   351.86   671.733 1  -1.    N 20.12
612358     21.414 0.623584 0.665063 -7.8854e-14  1.324e-14   -0.00392106  0.000658367 0.00726004    5.95574 1      254  5  6  0 0  0    0    81.657   136.09   226.824 1  -1.    N 21.982
467336     20.563 0.518869 0.538409  2.9094e-14  4.90288e-15  0.00149077  0.000251222 0.00464944    5.93406 1      856  3  3  0 0  0    0   167.      218.     269.    0  21.8   N 21.076
2006 KS1   25.432 0.628019 0.848111  6.16194e-12 1.04022e-12  0.239572    0.0404431   0.0147498     5.92369 Rej.    54  0  0  0 0  0    0    10.761    15.06    27.979 1  -1.    N 16.03
2010 XC15  21.453 0.481903 0.537578 -1.63298e-13 2.76005e-14 -0.00978819  0.00165439  0.00903214    5.91649 1      311  7  7  9 0  0    0    79.884   133.13   221.899 1  -1.    N 12.06
2015 TC25  29.34  0.568199 0.751797  1.09452e-10 1.85747e-11  4.64561     0.78839     0.107081      5.89253 Rej.    46  6  6  2 0  1    0     2.291     3.12     5.206 1   0.03  N  1.539
242191     18.961 0.394831 0.428527  2.60169e-14 4.41682e-15  0.00163719  0.000277942 0.0023684     5.89041 1      625  1  1  3 0  0    0   330.      367.     404.    0  13.52  S 19.05
8014       18.95  0.390448 0.407373 -2.40318e-14 4.10792e-15 -0.000974993 0.000166662 0.00197072    5.85012 1     1258  1  1 21 0  0   69   230.      340.     450.    0   0.9   S 31.8
310442     19.829 0.434286 0.474319  3.82653e-14 6.57932e-15  0.00213081  0.000366371 0.00578097    5.81599 1      475 10 10  0 0  0    0   172.446   249.08   440.695 1  -1.    Q 21.016
613471     22.277 0.585934 0.625032 -1.92065e-13 3.30346e-14 -0.00919667  0.0015818   0.00998337    5.81405 1      252  3  4  0 0  0    0    51.5      80.92   139.786 1  -1.    N 14.272
452334     21.057 0.557296 0.637174 -2.63399e-14 4.53249e-15 -0.00104343  0.000179551 0.0147403     5.81136 1      186  9  9  0 0  0    0    85.273   158.36   255.82  1  -1.    X 22.01
337248     20.032 0.53213  0.561454 -3.58156e-14 6.16574e-15 -0.0024044   0.000413923 0.00113309    5.80881 Rej.   531  5  5  0 0  0    0   746.      832.     918.    0  25.2   N 21.122
1998 KY26  25.609 0.61055  0.632221 -2.29986e-13 3.96608e-14 -0.00917058  0.00158146  0.0274694     5.79882 1      234  6  7  4 0  0  214     9.784    18.16    32.146 1   0.17  N 22.552
2014 WF201 25.577 0.468684 0.506719 -2.22037e-12 3.88099e-13 -0.0906285   0.015841    0.0623687     5.72115 Rej.   163  2  4  0 0  0    0    12.608    16.21    34.222 1   0.47  B  7.014
2019 QU2   22.178 0.51138  0.750375 -6.81698e-14 1.19466e-14 -0.00633625  0.00111041  0.0169117     5.70621 1       54  0  0  0 0  0    0    55.954    87.92   135.887 1  -1.    N 18.045
2008 LG2   25.229 0.498436 0.620523 -5.445e-13   9.54783e-14 -0.0264109   0.00463117  0.0261087     5.70286 1      119  0  0  0 0  0    0    15.125    20.62    37.126 1  -1.    N 15.031
1999 SH10  22.562 0.545546 0.676938 -5.96509e-14 1.04734e-14 -0.00245949  0.000431833 0.0078375     5.69547 1      101  0  0  0 0  0   45    44.045    79.28   132.135 1   0.12  A 22.965
350751     20.81  0.525741 0.562273 -5.46857e-14 9.64795e-15 -0.00240204  0.000423782 0.00520907    5.66811 1      553  4  3  0 0  0    2   121.735   166.     276.671 1   4.64  N 31.797
306383     21.465 0.614419 0.644984 -2.50985e-14 4.44091e-15 -0.00163629  0.000289523 0.0167749     5.65166 1      174  4  6  1 0  0   15    87.      110.     133.    0  -1.    N 28.153
138852     20.212 0.546141 0.557569  3.40408e-14 6.03496e-15  0.0015861   0.000281193 0.00439627    5.64061 1     1280 21 21  0 0  0    0   162.873   235.26   380.038 1   4.46  S 22.092
443880     19.395 0.446864 0.485557 -5.23009e-14 9.30897e-15 -0.00204591  0.000364149 0.00578448    5.61833 1      442  6  6  3 0  0    0   210.      250.     290.    0  13.71  C 21.054
1997 XE10  24.526 0.973926 1.0254    7.12936e-13 1.27134e-13  0.0286585   0.00511052  0.0122814     5.60775 Rej.    82 10 11  0 0  0   40    20.468    29.56    52.307 1  -1.    N 23.08
416002     20.378 0.665743 0.728508 -6.40985e-14 1.14522e-14 -0.00414861  0.000741215 0.00538998    5.59705 1      132  3  4  0 0  0    0    87.809   204.88   321.966 1  -1.    N 18.026
465617     21.367 0.531862 0.678343 -1.12963e-13 2.02243e-14 -0.0045441   0.000813554 0.00548628    5.58549 Rej.    88  0  0  0 0  0    0    68.065   122.51   204.196 1  -1.    N 21.391
614470     18.301 0.447563 0.439123  3.31201e-13 5.93794e-14  0.0140767   0.00252375  0.00138759    5.57772 Rej.   443  5  8  0 0  0    3   371.043   618.4   1113.13  1  -1.    N 22.133
153201     19.282 0.485055 0.50059  -2.06622e-14 3.71343e-15 -0.00235278  0.000422844 0.00158084    5.56417 Rej.  1016  8  8  8 0  0    0   427.      510.     593.    0   5.02  M 22.127
412983     20.274 0.529799 0.571394 -8.26533e-14 1.48982e-14 -0.00319114  0.000575201 0.00328909    5.54787 1      336  0  0  0 0  0   36   156.16    225.56   364.372 1  -1.    N 26.166
478784     25.597 0.604641 0.628186 -9.08345e-14 1.63903e-14 -0.00391848  0.000707056 0.0213062     5.54197 1      152  1  3  0 0  0    0    13.103    17.86    29.78  1  -1.    N  8.613
2005 LW3   21.673 0.614917 0.618865 -7.54562e-14 1.36548e-14 -0.00340604  0.000616367 0.00682714    5.52599 1     1516 17 17  7 2  3    0    66.402   119.52   199.205 1  -1.    N 17.593
153814     18.325 0.50647  0.515562  1.08123e-13 1.96433e-14  0.00448789  0.000815342 0.0015346     5.5043  Rej.  1005  7  8  4 0  0    3   921.      932.     943.    0   4.25  C 27.006
4688       19.485 0.588741 0.625286 -3.51736e-14 6.43253e-15 -0.00136175  0.000249036 0.00244662    5.46809 1      339  2  2  0 0  0   31   194.893   324.82   541.37  1  -1.    S 40.353
192559     20.337 0.45354  0.469926 -3.64497e-14 6.69204e-15 -0.00157392  0.000288965 0.00539732    5.44673 1      604  2  3  0 0  0  116   184.      216.     248.    0  -1.    N 20.008
410777     22.15  0.426908 0.459048  7.37763e-14 1.36107e-14  0.00383728  0.000707924 0.00383773    5.42046 1      515  3  3  8 0  0    0   427.      472.     517.    0   5.86  C 11.726
199145     18.252 0.6739   0.714682  9.82011e-14 1.81875e-14  0.00698316  0.00129333  0.00206647    5.39937 Rej.   511  4  3  3 0  0    4   400.356   545.94   909.9   1  -1.    N 53.04
251732     21.607 0.611225 0.68287  -9.48557e-14 1.76372e-14 -0.00372337  0.000692312 0.0059397     5.37816 1      156  0  0  0 0  0   14    42.38     42.38   127.14  1  -1.    N 25.038
2003 GQ22  21.029 0.481673 0.573351  9.77189e-14 1.83078e-14  0.00459633  0.000861131 0.00631538    5.33756 1       83  0  1  0 0  0    0   100.139   144.64   278.164 1  -1.    N 18.1
29075      17.227 0.517995 0.531319 -6.21423e-15 1.16477e-15 -0.000272929 5.11567e-05 0.000716162   5.33516 1     1022 10 10 12 0  0   20  1215.     1351.    1487.    0   2.12  L 73.41
2012 HN13  22.974 0.590495 0.653363 -1.0474e-13  1.97959e-14 -0.00414045  0.000782549 0.00882659    5.29098 1      181  2  2  0 0  0    0    41.88     60.49   107.026 1  -1.    N 10.431
2010 FX9   24.163 0.38342  0.535054 -2.38242e-13 4.513e-14   -0.010992    0.0020822   0.0232705     5.27901 1      101  1  1  0 0  0    0    28.       30.      32.    0  -1.    N 12.019
2005 TG50  24.829 0.539801 0.690603 -2.29189e-13 4.34293e-14 -0.0103111   0.00195386  0.0200925     5.27728 Rej.    77  2  2  0 0  0    0    16.939    24.46    43.29  1  -1.    N 16.014
526798     22.4   0.504685 0.600521 -1.07031e-13 2.03798e-14 -0.00596005  0.00113486  0.0127561     5.25181 1       78  0  1  0 0  0    0    43.243    77.83   129.728 1  -1.    N 16.099
2005 EY169 22.11  0.479691 0.558582 -1.27426e-13 2.45088e-14 -0.00500398  0.000962455 0.00695613    5.19918 1      165  0  0  0 0  0    0    56.927    94.87   158.13  1  -1.    N  2.973
612050     19.103 0.448218 0.465475 -3.18679e-14 6.1517e-15  -0.00229874  0.000443743 0.00500026    5.18034 1      851  0  0  0 0  0  222   223.826   351.72   671.477 1   7.57  V 24.172
2008 BP16  21.802 0.503484 0.573778 -8.00103e-14 1.5499e-14  -0.00645744  0.00125089  0.0136106     5.16229 1      104  0  1  0 0  0    0    75.469   118.59   247.968 1  -1.    N 14.968
2063       17.249 0.483486 0.497103 -1.19994e-14 2.3253e-15  -0.000559025 0.000108331 0.00121376    5.16036 1     1002 11 11 12 0  0  234  1000.     1030.    1060.    0  15.64  Q 46.218
2017 BM123 23.828 0.594745 0.624255 -8.27887e-14 1.609e-14   -0.00336603  0.000654189 0.0182783     5.14535 1      370  4  4  4 0  0    0    28.025    40.48    71.62  1   2.15  N  6.089
2002 EW8   23.479 0.540178 0.639777  1.72219e-13 3.35642e-14  0.00682734  0.0013306   0.00945992    5.13103 1      112  0  0  0 0  0    0    31.17     48.98    84.604 1  -1.    N 15.107
2015 LA2   23.047 0.650018 0.708997 -1.08014e-13 2.11863e-14 -0.00529849  0.00103927  0.0141454     5.09828 1       96  0  1  0 0  0    0    37.661    59.18   102.222 1  -1.    N 10.021
204131     19.886 0.547506 0.582824 -4.65122e-14 9.13849e-15 -0.00307441  0.000604044 0.0101471     5.08971 1      324  0  0  1 0  0    0   132.      189.     246.    0  -1.    N 21.076
2002 GD10  22.508 0.737094 0.825178 -2.5952e-13  5.10298e-14 -0.010164    0.00199855  0.00885771    5.08566 1       94  0  0  0 0  0    0    47.231    74.22   155.187 1   0.73  N 19.543
2008 WT62  23.11  0.509965 0.747636 -3.10465e-13 6.12209e-14 -0.0160259   0.00316016  0.0156715     5.07122 1       43  0  0  0 0  0    0    14.9      44.7     74.499 1  -1.    N  9.979
2014 US7   26.655 0.527311 0.628615 -5.46183e-12 1.07795e-12 -0.269982    0.0532839   0.0370443     5.06687 Rej.   112  2  2  0 0  0    0     7.52     10.86    19.219 1  -1.    N  4.
2013 BA74  25.37  0.80541  0.79242   7.6947e-13  1.52048e-13  0.0307249   0.00607127  0.0145095     5.0607  Rej.   138  3  6  0 0  0    0    13.083    20.55    35.51  1  -1.    N  7.006
19356      16.752 0.630293 0.645628 -1.91037e-13 3.77615e-14 -0.00758236  0.00149877  0.000822219   5.05905 Rej.   671 17 17  0 0  0  247   808.      951.    1094.    0   6.71  S 28.09
433        10.51  0.330833 0.331722 -1.96112e-15 3.87836e-16 -7.25751e-05 1.43526e-05 4.34297e-05   5.05658 Rej. 13647 97 98  6 0  0 6111 16577.    16891.   17205.    0   5.27  S 95.091
152828     21.182 0.68534  0.74718   6.97632e-14 1.38606e-14  0.00378427  0.000751863 0.00733134    5.0332  1      147  4  4  0 0  0   39    61.345   143.13   224.933 1  -1.    N 20.843
457662     21.965 0.524963 0.583854 -8.17016e-14 1.6446e-14  -0.00316727  0.000637552 0.00625631    4.96787 1      191  2  2  0 0  0    0    65.015   102.16   157.894 1  -1.    N 14.105
375505     20.171 0.828965 0.85449   1.20018e-13 2.41681e-14  0.00436965  0.000879922 0.00311736    4.96595 Rej.   293  6  6  0 0  0    3   156.593   213.53   327.423 1  -1.    N 22.467
154007     17.869 0.542965 0.546076  1.34879e-13 2.71818e-14  0.00482685  0.00097274  0.000811608   4.96211 Rej.   800  0  1  0 0  0    2   421.142   589.59  1094.97  1  14.91  M 37.539
152667     16.3   0.670248 0.696966  2.23502e-13 4.51781e-14  0.011287    0.00228152  0.000568614   4.94714 Rej.   339  4  4  0 0  0   79  2680.     4890.    7100.    0  -1.    N 66.845
267759     18.888 0.507813 0.527789 -3.04965e-14 6.16603e-15 -0.00114383  0.000231269 0.0019047     4.94589 Rej.   595  4  4  0 0  0    7   244.969   408.28   626.032 1  -1.    N 68.821
2011 GE3   25.815 0.445068 0.53753  -1.93264e-12 3.91546e-13 -0.0995559   0.0201697   0.0340976     4.93592 Rej.    54  0  1  0 0  0    0     9.186    14.43    27.558 1  -1.    N 11.017
308635     21.63  0.33952  0.348943 -1.65283e-13 3.34933e-14 -0.00804651  0.00163056  0.00492327    4.93481 Rej.  4003 32 29 19 0  0    0   300.      306.     312.    0  16.3   C 16.036
138404     19.355 0.67254  0.673178  2.26627e-14 4.60981e-15  0.00100342  0.000204104 0.00260014    4.9162  1     1679  9 11  0 0  0    7   302.      392.     482.    0   3.9   S 40.835
455184     21.102 0.58945  0.647489  6.20691e-14 1.26968e-14  0.00424945  0.000869264 0.00836463    4.88856 1      166  0  0  1 0  0    0    99.906   156.99   271.172 1  -1.    N 21.925
3908       17.355 0.51276  0.518454  1.41751e-14 2.90262e-15  0.000549214 0.000112462 0.00119795    4.88357 1     2040 17 17 16 0  0  690   850.     1000.    1150.    0  -1.    V 41.791
234341     18.962 0.647089 0.659153 -3.34105e-14 6.85985e-15 -0.00229986  0.000472209 0.00436699    4.87044 1      461  3  4  0 0  0    2   289.      344.     399.    0  -1.    N 32.093
380818     20.664 0.62116  0.660618  4.91651e-14 1.01058e-14  0.00294636  0.00060562  0.00589242    4.86503 1      241  7  7  0 0  0    0   133.586   192.95   311.7   1  -1.    N 17.213
329437     19.362 0.466966 0.480245  1.80285e-14 3.70751e-15  0.00084132  0.000173015 0.00444897    4.8627  1      941  4  4  6 0  0    0   164.481   274.13   493.444 1   2.62  Q 20.887
230111     19.199 0.517871 0.531037 -2.39671e-14 4.97619e-15 -0.00129859  0.000269621 0.00294651    4.81635 1      869 30 30  3 0  0    0   213.607   335.66   579.79  1  -1.    S 21.172
483459     20.297 0.498709 0.529943  4.42518e-14 9.18863e-15  0.00178062  0.000369735 0.00371897    4.81593 1      364  3  3  0 0  0    0   150.093   216.8    350.217 1  -1.    N 20.504
437841     20.977 0.56865  0.617574 -4.6856e-14  9.77399e-15 -0.00224686  0.000468688 0.00629378    4.79394 1      198  0  0  0 0  0   72   104.639   151.14   267.41  1  -1.    N 21.177
413577     20.205 0.521441 0.550869 -5.41177e-14 1.12929e-14 -0.00351423  0.000733325 0.00757307    4.79219 1      362  1  1  6 0  0    0   117.693   211.84   400.155 1   4.    Q 16.901
523801     20.048 0.469515 0.484385  4.09767e-14 8.6017e-15   0.00150013  0.000314901 0.00288148    4.7638  1      801  1  1  0 0  0   26   166.681   227.29   378.82  1  -1.    S 28.471
397326     19.049 0.580076 0.607964  2.59064e-14 5.45351e-15  0.000976105 0.000205478 0.00188475    4.7504  Rej.   198  0  1  0 0  0    2   249.062   359.75   636.492 1  -1.    N 70.278
491007     19.541 0.587183 0.628019 -5.39645e-14 1.13693e-14 -0.00429255  0.000904361 0.00387932    4.74651 Rej.   228  1  1  0 0  0    0   221.109   301.51   582.924 1  -1.    N 22.097
446924     20.141 0.50929  0.532124 -3.40909e-14 7.20393e-15 -0.00195452  0.00041302  0.00534467    4.73226 1      473  2  2  0 0  0    2   197.5     263.     328.5   0  -1.    A 30.067
403775     20.904 0.628254 0.665546 -9.40393e-14 1.99067e-14 -0.00766914  0.00162344  0.00822617    4.724   Rej.   133  0  1  0 0  0    0   102.408   170.68   261.709 1  -1.    N 21.095
136582     19.85  0.578286 0.598178 -5.31172e-14 1.13499e-14 -0.0019563   0.000418016 0.00192786    4.67997 1      473  5  5  0 0  0   21   473.      750.    1027.    0  -1.    N 30.995
4015       16.135 0.521068 0.527345 -2.30164e-14 4.92296e-15 -0.000997098 0.000213269 0.000297536   4.67531 Rej.  1668  7  7  0 0  0  160  3788.     3823.    3858.    0   3.57  B 73.41
4947       18.04  0.544326 0.556033 -3.11164e-14 6.70492e-15 -0.00116192  0.00025037  0.00131329    4.64083 1      845  9  9  0 0  0   74   381.967   551.73   976.138 1  -1.    A 45.385
612027     20.603 0.842304 0.855157  4.88015e-14 1.05293e-14  0.00214639  0.000463099 0.00466351    4.63483 1      184  6  7  0 0  0   43   118.617   197.69   329.493 1   9.2   N 26.99
267337     18.06  0.627206 0.635748 -5.97562e-14 1.29538e-14 -0.00306215  0.000663804 0.00213399    4.61302 1      989  3  3  1 0  0    0   340.      440.     540.    0  39.05  N 20.134
457059     20.089 0.744858 0.811532 -1.96584e-13 4.29387e-14 -0.0189474   0.00413857  0.00462824    4.57824 Rej.   103  2  2  0 0  0    0   177.157   255.89   452.735 1  -1.    N 14.012
2017 XO2   22.592 0.632883 0.635863 -9.75127e-14 2.14232e-14 -0.00448764  0.000985919 0.010131      4.55173 1      116  1  3  0 0  0    0    97.      136.     175.    0  -1.    N 10.497
469445     22.046 0.637695 0.655173 -6.91971e-14 1.52027e-14 -0.0045936   0.00100922  0.0115572     4.55163 1      203  3  4  0 0  0    0   119.      143.     167.    0  -1.    N 19.006
613398     21.248 0.629441 0.664637  7.12019e-14 1.56488e-14  0.00356887  0.000784369 0.00702605    4.54999 1      109  1  2  0 0  0    0    91.364   143.57   247.987 1  -1.    N 16.044
162117     19.104 0.539792 0.55685  -1.71234e-14 3.77913e-15 -0.000854653 0.000188622 0.00375723    4.53103 1      549  0  0  0 0  0  138   230.      350.     470.    0   7.33  N 19.885
523828     19.939 0.456855 0.516835 -6.58247e-14 1.45605e-14 -0.00267666  0.000592079 0.00318184    4.52077 1      176  1  1  0 0  0   23   144.388   268.14   433.163 1  -1.    N 29.684
2010 WF3   21.002 0.645633 0.699723 -8.9075e-14  1.97373e-14 -0.00392824  0.000870421 0.00539511    4.51303 1      142  2  2  0 0  0    0   115.939   141.7    244.761 1  -1.    N 19.132
417816     20.302 0.554398 0.59908  -4.13965e-14 9.20996e-15 -0.00169163  0.000376356 0.0109824     4.49476 1      196  0  0  0 0  0    0   150.043   231.88   368.286 1  -1.    X 21.84
2006 BE55  21.989 0.701982 0.727883 -1.28379e-13 2.86046e-14 -0.00608118  0.00135497  0.00842136    4.48805 1      216  1  1  4 0  1    0    69.678    95.01   171.028 1  -1.    N 17.092
358453     19.925 0.567418 0.58521  -7.97105e-14 1.78775e-14 -0.00396724  0.000889775 0.00365423    4.4587  Rej.   246 11 12  0 0  0    3   172.072   221.23   417.89  1  -1.    N 26.864
452807     21.377 0.496581 0.562052 -8.49564e-14 1.9082e-14  -0.00363485  0.000816422 0.00654507    4.45217 1      144  1  1  0 0  0    0    69.732   125.51   209.195 1  -1.    S 15.351
2001 OT    21.662 0.638972 0.701021  8.16633e-14 1.83605e-14  0.00400589  0.00090065  0.0129159     4.44777 1      123  4  4  0 0  0    0    49.508   115.51   214.533 1  -1.    Q 18.114
2020 PP1   26.76  0.603625 0.733047 -4.96939e-13 1.11977e-13 -0.021201    0.00477728  0.0250036     4.43787 1       57  0  0  0 0  0    0     6.717     9.7     15.673 1  -1.    N  4.983
376879     22.033 0.530749 0.611816 -6.28016e-14 1.41712e-14 -0.00246072  0.000555262 0.00683068    4.43164 1      106  0  0  0 0  0    0    58.724    82.21   152.682 1  -1.    N 19.973
2002 QQ40  21.407 0.67364  0.676416  2.291e-13   5.18428e-14  0.0129447   0.00292925  0.00845156    4.41913 1       77  3  5  0 0  0    0    90.025   130.03   230.064 1  -1.    N 15.964
26310      19.205 0.732042 0.744533 -2.51316e-14 5.70885e-15 -0.000934467 0.000212272 0.00198318    4.40221 Rej.   189  1  2  0 0  0   40   200.799   372.91   602.397 1  -1.    N 72.06
474179     19.055 0.561814 0.574547 -4.90935e-14 1.11668e-14 -0.00200459  0.000455964 0.0023314     4.39638 1      681 13 13  0 0  0  105   265.      395.     525.    0  16.91  S 21.509
1685       14.363 0.358778 0.361806 -4.45066e-15 1.01761e-15 -0.000199546 4.56248e-05 0.000241316   4.37364 1     4406 27 27  9 0  0  341  3450.     3600.    3750.    0  10.19  S 64.014
511684     20.804 0.593216 0.60659   9.06952e-14 2.07994e-14  0.00567254  0.0013009   0.00720639    4.36047 1      601 12 12  7 0  0    0   154.      208.     262.    0   5.67  N 17.114
65717      20.881 0.460672 0.462521  4.33724e-14 9.95155e-15  0.00169306  0.000388463 0.00545284    4.35835 1     5573  9  9  3 2  2   43    98.365   154.57   266.99  1  20.33  L 28.616
613014     18.908 0.542744 0.558818 -5.02064e-12 1.15321e-12 -0.178023    0.0408908   0.00110731    4.35362 Rej.   425  4  4  0 0  0    0   640.      940.    1240.    0   1.81  N 15.504
2007 AM    21.775 0.599062 0.674928 -7.40288e-14 1.70105e-14 -0.00449894  0.00103378  0.0108568     4.35195 1       98  0  0  0 0  0    0    65.29    102.59   195.869 1  -1.    N 15.061
612227     20.191 0.51466  0.535042 -3.82431e-14 8.83994e-15 -0.00158462  0.000366288 0.00607056    4.32617 1      655  5  4  0 0  0    0   160.      240.     320.    0  -1.    Q 18.908
613714     20.805 0.547222 0.604423 -1.33935e-13 3.1074e-14  -0.00609389  0.00141383  0.00588434    4.3102  1      144  3  3  0 0  0    0   116.      166.     216.    0  -1.    S 14.757
2000 QV7   21.315 0.652003 0.657242  1.95241e-13 4.53105e-14  0.00961571  0.00223156  0.00722249    4.30896 1      185  2  3  0 0  0    0    89.792   129.69   249.421 1  -1.    N 21.355
2020 QA7   20.163 0.503604 0.58192  -2.75556e-11 6.40077e-12 -0.986975    0.22926     0.00220431    4.30505 Rej.   112  3  3  0 0  0    0   180.38    260.54   460.971 1  -1.    N 18.24
2100       16.208 0.406448 0.409421 -3.3913e-15  7.90859e-16 -0.000195064 4.54892e-05 0.000433463   4.28813 1     3824 35 35 11 0  0  302  2100.     2300.    2500.    0  19.79  K 47.811
162783     20.629 0.582309 0.637706 -9.66217e-14 2.25373e-14 -0.00378447  0.000882739 0.0041702     4.28719 1      136  0  0  0 0  0    0   108.664   170.75   325.991 1  -1.    N 21.268
474158     20.627 0.473293 0.514587 -9.98104e-14 2.33482e-14 -0.00415458  0.000971862 0.00484421    4.27487 Rej.   228  4  4  0 0  0  170   116.566   183.17   316.393 1  10.09  S 38.092
2021 QH2   25.132 0.742231 0.893205  8.84116e-13 2.06846e-13  0.0407832   0.00954156  0.0219795     4.27427 Rej.    38  1  1  0 0  0    0    16.704    22.77    37.964 1  -1.    N  2.976
277810     21.73  0.67583  0.702382  4.05745e-14 9.51457e-15  0.00200808  0.000470887 0.0082859     4.26446 1      253  5  5  0 0  0    6    71.9     103.85   183.744 1  -1.    N 28.038
377097     19.519 0.595357 0.62768  -2.18064e-14 5.11385e-15 -0.000955976 0.000224187 0.003233      4.26419 1      230  0  0  0 0  0    4   224.      326.     428.    0  36.    N 63.545
2010 WT8   22.036 0.597725 0.626284 -2.688e-13   6.33008e-14 -0.0115701   0.00272469  0.00787087    4.24639 1      111  3  4  0 0  0    0    56.057   104.1    168.17  1  -1.    N 10.872
2005 MF5   21.739 0.63386  0.685995  7.67126e-14 1.81532e-14  0.00425406  0.00100668  0.0094654     4.22584 1      107  1  1  0 0  0    0    69.656   109.46   208.969 1  -1.    N 18.032
65679      19.469 0.504551 0.516268 -3.87698e-14 9.17554e-15 -0.00185076  0.000438013 0.00179676    4.22534 Rej.   747  1  1  0 0  0  117   904.      916.     928.    0   7.74  C 63.009
177016     20.039 0.639305 0.696334 -8.35221e-14 1.97848e-14 -0.00498116  0.00117994  0.00453082    4.22153 1      119  2  2  0 0  0    0   150.171   250.28   417.142 1  -1.    N 20.129
592968     21.677 0.555113 0.603692  5.55441e-14 1.31681e-14  0.00386304  0.000915828 0.0109486     4.21808 1      158  0  0  0 0  0    0    65.74    118.33   223.516 1  -1.    N 20.093
37655      17.824 0.443962 0.459062 -1.281e-14   3.04033e-15 -0.00103103  0.000244706 0.00173009    4.21335 1      655  5  5  2 0  0   94   456.179   658.92  1165.79  1  -1.    N 27.836
2017 GQ5   20.409 0.806547 0.792954 -1.21021e-11 2.87635e-12 -1.06699     0.253595    0.00618519    4.20747 Rej.    64  1  3  0 0  0    0   144.33    208.47   368.842 1  -1.    N  7.838
337084     19.625 0.538272 0.56034  -1.01197e-13 2.40872e-14 -0.00374735  0.000891954 0.00327977    4.20128 1      367  3  3  0 0  0   25   272.5     343.     413.5   0  11.85  N 22.48
2008 KV2   21.273 0.552798 0.586727 -4.44677e-14 1.05924e-14 -0.0024672   0.000587697 0.0076547     4.19808 1      228  0  0  0 0  0    0    85.322   134.07   231.589 1  -1.    N 13.999
4769       17.484 0.552066 0.573348 -8.63246e-15 2.05734e-15 -0.000463758 0.000110526 0.000736932   4.19593 1      363  3  3 15 0  0   94  1362.     1395.    1428.    0   4.09  S 33.98
2016 JE    21.895 0.711856 0.802394 -1.2197e-13  2.92521e-14 -0.00735291  0.00176345  0.0110064     4.16961 1       95  2  1  0 0  0    0    61.536    96.7    184.608 1  -1.    N  9.059
483422     20.461 0.489406 0.510687 -2.91028e-14 6.98817e-15 -0.00119179  0.000286172 0.00622375    4.16458 1      413  8  8  5 0  0    0   110.      160.     210.    0  -1.    L 22.984
2014 QH33  24.41  0.502958 0.567221 -1.81104e-13 4.38587e-14 -0.00764359  0.00185108  0.0152488     4.12927 1      124  0  0  0 0  0    0    19.189    30.15    52.084 1  -1.    N 16.994
2009 MW    20.82  0.520434 0.542343 -5.13412e-14 1.24875e-14 -0.00250649  0.000609644 0.00625328    4.11141 1      134  0  1  0 0  0    0   117.847   160.7    289.261 1  -1.    S 14.073
203471     19.375 0.499028 0.518007 -4.2689e-14  1.04572e-14 -0.00227772  0.000557957 0.00193631    4.08226 1      435  3  3  0 0  0    6   219.777   317.45   561.653 1  12.76  M 27.102
2002 VU114 22.847 0.531154 0.653769 -1.111e-13   2.72861e-14 -0.00472721  0.001161    0.0101562     4.07169 1       61  4  4  0 0  0    0    39.067    61.39   128.363 1  -1.    N 18.01
325102     20.15  0.408573 0.463165 -5.24748e-14 1.29331e-14 -0.00463471  0.00114228  0.00330159    4.05741 1      175  2  2  0 0  0    0   352.      359.     366.    0  -1.    N 11.901
85774      19.076 0.584696 0.585101 -5.3355e-15  1.31733e-15 -0.000214483 5.29556e-05 0.00100208    4.05024 1      779  7  7  8 0  1  148   922.      934.     946.    0  34.    N 32.271
2011 EZ40  20.956 0.637813 0.703889  1.89914e-13 4.70191e-14  0.00764079  0.00189171  0.00459457    4.03909 1       92  0  0  0 0  0    0    78.984   142.17   268.546 1  -1.    N 18.13
413260     19.479 0.450356 0.469032 -2.64401e-14 6.55517e-15 -0.00149163  0.000369813 0.00389275    4.03347 1      469  0  0 10 0  0    0   284.      366.     448.    0  -1.    N 19.201
483560     19.255 0.655752 0.675316 -2.58319e-13 6.40812e-14 -0.0104861   0.00260128  0.003919      4.03112 Rej.   315  3  3  0 0  0    0   230.      290.     350.    0  -1.    N 18.111
612103     19.725 0.541677 0.555603 -5.12082e-14 1.27366e-14 -0.0020335   0.000505776 0.00314192    4.02055 1      532  3  3  0 0  0   84   217.      259.     301.    0  -1.    S 21.52
497113     22.115 0.531369 0.565625 -5.14257e-14 1.28228e-14 -0.00208436  0.000519728 0.00716911    4.01049 1      215  1  1  0 0  0    0    58.04     91.2    157.536 1  -1.    N 14.166
2016 CA138 23.316 0.669329 0.694118 -2.60574e-13 6.5084e-14  -0.0110906   0.00277011  0.0117794     4.00365 1      239  2  2  0 0  0    0    21.687    50.6     79.519 1  -1.    N  7.034
136564     19.095 0.474995 0.504073 -4.18081e-14 1.05077e-14 -0.00153938  0.000386894 0.00191515    3.97881 1      278  0  0  0 0  0   21   216.031   401.2    648.092 1  -1.    N 45.695
322756     19.228 0.448176 0.455035 -2.4555e-14  6.18591e-15 -0.00143439  0.000361354 0.00270821    3.9695  1     1275  2  2  0 0  0    0   207.881   326.67   564.249 1  -1.    N 21.144
523590     21.146 0.668275 0.677958 -8.17481e-14 2.06375e-14 -0.00351006  0.000886123 0.00537513    3.96114 1      606  4  4  0 0  0    0   105.231   152.     268.925 1  -1.    N 20.66
509102     19.383 0.593886 0.611505 -6.75297e-13 1.71021e-13 -0.0242982   0.00615359  0.00214488    3.94862 Rej.   109  1  2  0 0  0    0   226.459   327.1    528.405 1  -1.    N 17.09
2005 XT77  21.191 0.427221 0.49613   8.10118e-14 2.05599e-14  0.00403821  0.00102485  0.00932174    3.94028 1      122  0  0  0 0  0    0    83.5     112.     140.5   0  -1.    S 16.986
2006 AL4   24.917 0.794339 0.760955  2.62699e-13 6.67386e-14  0.010806    0.00274526  0.0142527     3.93623 1       66  2  4  0 0  0    0    21.327    33.51    76.169 1  -1.    N 15.997
2019 ER1   23.459 0.555489 0.615747 -1.79172e-13 4.56805e-14 -0.00704345  0.00179575  0.00885424    3.92229 1      110  1  1  0 0  0    0    80.      130.     180.    0  -1.    N  8.211
525356     18.693 0.536147 0.57238  -4.23607e-13 1.08149e-13 -0.0271064   0.0069204   0.00241192    3.91689 Rej.   198  7  7  0 0  0    0   300.567   472.32   901.701 1  -1.    N 17.174
376707     17.001 0.324284 0.319689  1.90325e-13 4.86644e-14  0.0139228   0.00355992  0.00112331    3.91097 Rej.  1656  3  5  0 0  0   49   576.464  1037.63  1959.98  1  -1.    N 27.272
2016 CO246 25.868 0.599546 0.714708 -6.36675e-13 1.6356e-13  -0.0274612   0.00705472  0.0224716     3.89261 1       53  3  3  0 0  0    0     9.597    15.08    28.79  1  -1.    N  4.011
7350       17.225 0.502219 0.50737  -2.34306e-14 6.03469e-15 -0.00100885  0.000259834 0.000783638   3.88266 1     1454  5  5  0 0  0  131  1908.     1944.    1980.    0   3.58  C 59.743
6456       16.039 0.483845 0.484921 -5.55667e-14 1.4333e-14  -0.00191472  0.000493887 0.000370335   3.87684 Rej.  1803  6  7  0 0  0  117   332.904   998.71  2330.33  1   2.5   S 43.455
1997 WQ23  20.794 0.560042 0.59477   7.16018e-14 1.85126e-14  0.00305533  0.000789954 0.00295754    3.86773 1      185  0  0  3 0  0   63   300.      500.     700.    0  14.6   N 23.053
164222     20.688 0.544362 0.569325 -7.97799e-14 2.06291e-14 -0.00315921  0.000816893 0.00457106    3.86735 1      270  1  1  0 0  0    0   123.045   177.73   314.449 1  -1.    S 21.634
2002 AY1   20.645 0.584496 0.636317  6.22506e-14 1.61077e-14  0.0037058   0.000958896 0.00643159    3.86465 1      124 10 10  8 0  0    0   117.972   185.38   320.21  1  -1.    S 19.929
2016 AG193 23.518 0.529621 0.718647 -3.25335e-13 8.42712e-14 -0.0125557   0.00325228  0.0104071     3.86057 1       47  1  0  0 0  0    0    27.774    38.88    94.432 1  -1.    N  6.045
614134     21.543 0.506258 0.545528  5.97426e-14 1.54975e-14  0.00414658  0.00107564  0.00978376    3.85498 1      182  2  2  0 0  0    0    89.998   115.71   218.566 1  -1.    N 12.939
513126     21.321 0.543755 0.56979  -7.69388e-14 1.99687e-14 -0.0037015   0.000960688 0.00669875    3.85297 1      258  2  2  0 0  0  197    81.717   128.41   245.15  1  -1.    N 19.515
2010 KP10  23.391 0.704306 0.735832 -9.38934e-14 2.44147e-14 -0.00385613  0.00100269  0.0116563     3.84577 1      144  6  6  0 0  0    0    77.       87.      97.    0  -1.    N 12.104
2003 MK4   20.791 0.545591 0.569041 -7.14757e-14 1.86507e-14 -0.0030193   0.000787849 0.00489258    3.83233 1      281  0  0  0 0  0    0   106.727   177.87   296.464 1  -1.    N 19.589
612989     19.935 0.557564 0.533573  4.90787e-13 1.28252e-13  0.0303223   0.00792378  0.00413344    3.82674 Rej.   170  3  5  0 0  0    0   187.724   241.36   563.173 1  -1.    N 16.485
2012 BA35  23.797 0.6304   0.661658 -1.63509e-13 4.27639e-14 -0.00680138  0.00177883  0.0127692     3.82352 1      181  0  0  0 0  0    0    30.578    41.69    69.495 1  -1.    N 10.765
455415     21.227 0.543923 0.562268  7.81613e-14 2.04482e-14  0.00304339  0.000796198 0.00644871    3.82241 1      363  3  3  0 0  0    0    81.529   128.11   221.294 1   5.78  S 19.628
247517     19.678 0.581364 0.594234 -2.49515e-14 6.54084e-15 -0.00229327  0.000601164 0.00399645    3.81472 1      484  3  3  0 0  0    0   264.      269.     274.    0  -1.    S 20.129
510190     20.57  0.571541 0.628611 -1.06765e-13 2.80187e-14 -0.00444056  0.00116535  0.00410763    3.8105  Rej.   106  0  0  0 0  0    0   140.587   191.7    319.516 1  -1.    N 21.328
2014 UV210 26.947 0.579686 0.673611  3.41563e-12 8.96754e-13  0.13719     0.0360185   0.125872      3.80889 1       63  1  1  3 0  1    0     6.599     8.99    16.198 1   0.55  C  5.029
351545     19.82  0.526625 0.542957 -6.36923e-14 1.67684e-14 -0.00279456  0.00073573  0.00326851    3.79835 1      418  5  5  0 0  0    0   171.803   248.16   439.052 1  -1.    N 16.151
85770      20.416 0.562555 0.575334 -4.63036e-14 1.2206e-14  -0.00223337  0.000588733 0.00465252    3.79351 1      504  9  9  0 0  0  139   140.911   203.53   391.419 1  -1.    N 31.124
312942     17.329 0.4905   0.4986   -4.61859e-14 1.21904e-14 -0.00328273  0.00086645  0.00132792    3.78871 Rej.   898  2  2  0 0  0  347   530.795   834.1   1592.39  1   8.44  N 27.811
2010 VW75  21.936 0.554679 0.568444 -2.66806e-11 7.06113e-12 -1.07532     0.284589    0.00320968    3.77851 Rej.   247  7  7  0 0  0    0    82.349   129.4    270.576 1   0.18  N  9.029
2011 GP59  24.335 0.254957 0.338941 -8.52068e-12 2.25766e-12 -0.415769    0.110163    0.0215326     3.77412 Rej.   229  4  3  0 0  0    0    17.51     32.51    57.532 1  -1.    S  3.811
488803     20.491 0.561643 0.589872 -5.1593e-14  1.37062e-14 -0.00291761  0.000775093 0.00483055    3.76421 1      219  1  1  0 0  0    0   201.      209.     217.    0  -1.    S 17.169
2003 YS17  21.667 0.477972 0.512191 -8.93497e-14 2.3745e-14  -0.00436085  0.00115891  0.00828512    3.76289 1      209  0  0  0 0  0    0    71.103   111.73   192.993 1  -1.    N 17.051
613286     20.625 0.564325 0.585234 -3.7479e-14  1.00443e-14 -0.00207711  0.00055666  0.0059484     3.73137 1       87  3  4  9 0  0    0    95.864   172.55   325.939 1  -1.    N 16.019
307070     20.658 0.629154 0.64065  -3.58331e-14 9.69344e-15 -0.00141775  0.000383525 0.00436333    3.69663 1      472  4  4  0 0  0    0   167.      259.     351.    0  -1.    L 21.172
494690     20.046 0.698869 0.69444  -2.19614e-13 5.95428e-14 -0.0107048   0.00290234  0.00394618    3.68834 Rej.   194  2  3  0 0  0    0   129.122   232.41   439.014 1  -1.    N 17.057
2022 UY    25.467 0.908423 1.0096   -2.93094e-13 7.95263e-14 -0.012625    0.00342558  0.0209894     3.6855  1       36  1  1  0 0  0    0    13.402    19.35    34.25  1  -1.    N  6.053
533638     20.504 0.58552  0.637688 -4.86737e-14 1.32194e-14 -0.00195209  0.000530172 0.00393421    3.68199 1      174  3  2  0 0  0    0   142.793   174.52   333.184 1  -1.    N 22.042
2009 SV17  19.645 0.431638 0.446941 -3.08363e-11 8.38648e-12 -1.21627     0.330787    0.00230271    3.67691 Rej.   508  5  5  0 0  0    0   241.058   309.93   585.427 1  17.62  S  9.467
2013 UG1   22.451 0.42698  0.450391  7.08261e-13 1.93393e-13  0.0439002   0.0119871   0.0151069     3.66229 Rej.   328  2  2  1 0  0    0    49.182    91.33   161.599 1  -1.    N  5.049
408982     20.65  0.681476 0.722643  3.19776e-14 8.73508e-15  0.00223292  0.000609951 0.00646761    3.66083 1      133 17 17  0 0  0    0    99.834   179.7    339.436 1  -1.    N 18.075
469219     24.328 0.460635 0.483535 -1.46994e-13 4.0158e-14  -0.00630702  0.00172305  0.0157791     3.66038 Rej.   310  0  0  0 0  0    0    21.977    31.74    51.281 1  -1.    N 17.155
276111     18.604 0.615545 0.63805  -2.77347e-13 7.6007e-14  -0.00982511  0.00269257  0.00145834    3.64897 Rej.   239  3  3  0 0  0   40   203.044   338.4    609.132 1  -1.    N 24.775
152754     19.223 0.555087 0.568863 -2.19633e-14 6.06827e-15 -0.00113546  0.000313717 0.00250269    3.61937 1      433 10 10  0 0  0   95   337.      414.     491.    0   8.02  S 24.192
496901     20.411 0.698832 0.742119 -8.7138e-14  2.40815e-14 -0.00622597  0.00172061  0.0064486     3.61846 1      106  1  1  0 0  0    8   114.012   211.73   374.612 1  -1.    N 25.188
2017 BP32  23.342 0.530221 0.55586  -1.21279e-13 3.35217e-14 -0.0047023   0.00129972  0.00977971    3.61793 1      243  8  8  0 0  0    0    34.605    49.98    88.434 1  -1.    N  6.029
337252     20.776 0.592248 0.67652  -7.66461e-14 2.12018e-14 -0.00339757  0.000939835 0.005012      3.61507 1      165  6  3  0 0  0    0   124.362   179.63   290.179 1  -1.    N 18.138
425755     21.133 0.715843 0.723551  6.13576e-14 1.6982e-14   0.0112486   0.00311329  0.0100408     3.6131  1      142  6  7 11 0  0    0    84.489   118.28   219.671 1  -1.    N 16.068
2016 UZ40  23.305 0.70836  0.75802   1.07979e-11 2.99523e-12  0.69313     0.192267    0.0183592     3.60504 Rej.    73  1  1  0 0  0    0    39.597    50.91   107.478 1  -1.    N  3.003
2021 CP6   22.932 0.543994 0.568638  2.91579e-12 8.1037e-13   0.117624    0.0326905   0.0080742     3.5981  Rej.    65  0  1  0 0  0    0    41.477    65.17   124.432 1  -1.    N  6.338
2005 RD34  20.196 0.64597  0.700531 -4.9961e-13  1.38942e-13 -0.01981     0.00550918  0.00358814    3.59581 Rej.    91  3  3  0 0  0    0   114.406   205.93   388.979 1  -1.    N 17.333
525484     21.282 0.522813 0.563763 -1.01746e-13 2.84249e-14 -0.00463988  0.00129624  0.00640567    3.57948 1      145  1  1  0 0  0    0    78.911   124.     236.734 1  -1.    N 15.68
136818     18.957 0.552981 0.561755  2.41624e-14 6.75652e-15  0.00120416  0.000336718 0.00261163    3.57616 1      656  2  2  0 0  0  193   244.353   342.09   733.059 1  -1.    N 21.854
175729     20.434 0.595097 0.61533  -2.58885e-14 7.25532e-15 -0.00118956  0.000333379 0.00460379    3.5682  1      263  3  3  0 0  0  104   126.897   199.4    344.434 1  -1.    S 25.443
256004     22.979 0.669754 0.697055 -1.58369e-13 4.44551e-14 -0.00587357  0.00164874  0.00770931    3.56246 1      170  0  0  0 0  0    0    36.676    57.63   110.029 1  -1.    S 19.866
401856     20.273 0.615535 0.63564  -3.04693e-14 8.55676e-15 -0.0013913   0.000390722 0.00175369    3.56084 1      259  7  7  0 0  0    0   640.      735.     830.    0  -1.    N 21.087
6037       18.77  0.53864  0.547385 -1.76685e-14 4.97155e-15 -0.000886876 0.000249549 0.00343966    3.55391 1      666  5  5  8 0  0  271   312.037   425.5    709.175 1  -1.    Q 35.384
2007 PB8   21.203 0.635849 0.653025 -1.7727e-13  4.98974e-14 -0.0100046   0.00281607  0.00792902    3.5527  1       87  2  3  0 0  0    0    99.356   143.51   253.91  1  -1.    N 19.009
2008 BX2   23.688 0.545871 0.62189  -2.16236e-13 6.0909e-14  -0.0112264   0.00316223  0.0186192     3.55015 1       72  1  1  0 0  0    0    28.959    45.5     70.328 1  -1.    N  8.178
2003 DF16  20.076 0.602452 0.639355  2.18687e-13 6.18479e-14  0.00859745  0.00243149  0.00314392    3.53588 Rej.   234  2  1  0 0  0    0   145.475   242.45   404.097 1  -1.    N 19.091
2008 CE119 25.553 0.695097 0.767018 -1.81561e-13 5.13997e-14 -0.00723424  0.00204801  0.0167263     3.53233 1       67  3  3  0 0  0    0    10.903    18.17    30.285 1  -1.    N  7.984
2016 GE1   26.656 0.52197  0.567097 -9.71734e-13 2.76127e-13 -0.039454    0.0112112   0.0123951     3.51916 Rej.   127  1  1  0 0  0    0     6.483    12.04    19.449 1   0.    N  3.006
1864       14.87  0.430408 0.431989 -2.93713e-14 8.3731e-15  -0.00165889  0.000472912 0.000548648   3.50781 Rej.  4524 14 14  1 0  0  127  2564.     2711.    2858.    0   8.57  Q 52.063
1994 CJ1   21.539 0.488013 0.522213 -1.40242e-13 3.99886e-14 -0.00545746  0.00155614  0.00612404    3.50705 1      178  1  1  2 0  0   21    75.782   126.3    210.505 1  30.    N 22.664
390725     19.692 0.896467 0.907641 -4.59574e-14 1.31076e-14 -0.00247571  0.000706102 0.00351283    3.50617 1      309  4  4  0 0  0    0   174.197   290.32   483.88  1  -1.    N 18.07
2009 JR2   22.933 0.679043 0.750523 -1.31955e-13 3.76811e-14 -0.00517787  0.0014786   0.00888777    3.50188 1       61  1  1  0 0  0    0    35.005    63.     119.017 1  -1.    N 13.933
2012 XE133 23.31  0.525317 0.555957 -2.17992e-13 6.26091e-14 -0.0133979   0.00384799  0.0214752     3.4818  1      183  0  0  0 0  0    0    32.161    50.53    96.484 1  -1.    N  8.066
2019 QG    21.401 0.638775 0.631897 -2.00495e-13 5.78401e-14 -0.00995281  0.00287124  0.00794799    3.46638 1       77  2  3  0 0  0    0    77.111   128.51   231.332 1  -1.    N 12.09
508772     19.875 0.495328 0.526343 -6.93176e-14 2.0082e-14  -0.00327198  0.000947924 0.0056943     3.45173 1      190  2  2  0 0  0   20   181.5     247.     312.5   0  -1.    N 23.014
2009 HD82  21.651 0.592496 0.617068 -4.58219e-14 1.32905e-14 -0.00224858  0.000652194 0.00754646    3.44772 1      200  0  0  0 0  0    0    79.971   123.59   196.293 1  -1.    N 14.07
2016 GL2   23.727 0.537742 0.585686 -6.57932e-14 1.91148e-14 -0.00249517  0.000724917 0.0099808     3.442   Rej.   110  0  0  0 0  0    0    25.2      42.      70.    1  -1.    N 14.064
468727     20.812 0.554638 0.599772 -1.11122e-13 3.23738e-14 -0.00613243  0.0017866   0.00414718    3.43246 1      194  6  5  2 0  0    0   292.      308.     324.    0  -1.    N 12.025
344074     18.946 0.644615 0.65325   2.79482e-14 8.16112e-15  0.00168172  0.000491077 0.00253812    3.42456 1      555 32 32  0 0  0  197   345.      463.     581.    0  -1.    S 25.101
163348     20.083 0.550465 0.557957  3.37708e-14 9.86194e-15  0.00188803  0.000551352 0.00317908    3.42436 1      708  2  2  0 0  0    0   419.      665.     911.    0  14.5   C 19.154
525268     21.208 0.584209 0.612247 -3.89767e-14 1.13934e-14 -0.00228342  0.000667473 0.0230096     3.42099 1      287 12 11  4 0  0    0    87.566   137.6    262.697 1  -1.    X 13.988
86666      16.924 0.45116  0.454872 -2.41751e-14 7.07791e-15 -0.00103783  0.000303854 0.000607103   3.41557 1     1742  9  9  3 0  0    3   709.     1165.    1621.    0 206.    N 23.959
3671       16.51  0.498114 0.503867 -2.06657e-14 6.05093e-15 -0.000836855 0.000245031 0.000612881   3.4153  1     1026 14 14  0 0  0  209   785.      916.    1047.    0   2.7   E 39.17
2000 AH205 22.565 0.51651  0.574565 -1.49852e-13 4.38988e-14 -0.00712183  0.00208633  0.0112576     3.41358 1       92  0  0  0 0  0    0    51.717    66.49   125.598 1  -1.    S 15.28
508908     20.889 0.497816 0.510739 -3.14719e-14 9.22096e-15 -0.00153447  0.000449586 0.011041      3.41308 1      450  3  3  0 0  0    0   103.823   173.03   288.399 1  -1.    C 19.19
136897     18.635 0.541904 0.551043 -3.64015e-14 1.07128e-14 -0.00134479  0.000395765 0.00140352    3.39795 1      580  2  2  0 0  0   99   348.482   448.04   746.747 1  15.3   N 24.635
2003 GH21  21.396 0.475752 0.519445 -9.92065e-14 2.92893e-14 -0.00371471  0.00109672  0.00512779    3.38712 1      132  0  0  0 0  0    0    81.211   117.3    189.493 1  -1.    N 18.149
329275     19.923 0.590901 0.610951 -4.45793e-14 1.31636e-14 -0.00177739  0.000524835 0.00316021    3.38656 1      243  5  5  0 0  0   57   169.166   265.83   459.166 1  -1.    N 21.659
161989     17.239 0.554769 0.557667 -9.3633e-15  2.76628e-15 -0.000393206 0.000116168 0.00163788    3.3848  1     1796 22 22  5 0  0   48   652.      677.     702.    0   3.75  N 44.969
2016 UW80  23.909 0.468612 0.516456 -2.07598e-13 6.14718e-14 -0.00841304  0.00249118  0.0125748     3.37712 1      121  0  0  0 0  0    0    16.824    39.25    72.905 1  -1.    N  9.971
216115     18.891 0.690524 0.710519 -2.20381e-13 6.53524e-14 -0.0115421   0.00342272  0.00235228    3.3722  Rej.   211  8  8  0 0  0    0   301.629   435.68   703.8   1  -1.    N 15.05
398188     19.395 0.436133 0.445457 -2.87349e-14 8.52272e-15 -0.00141857  0.000420744 0.00168741    3.37156 1      691  6  6 13 0  0    0   448.      455.     462.    0  22.3   S 21.153
90373      18.653 0.594084 0.605491 -2.6221e-13  7.78044e-14 -0.00911138  0.00270358  0.00265525    3.37012 Rej.   419  4  4  0 0  0    1   257.      306.     355.    0  -1.    N 25.177
2017 DN109 21.816 0.576593 0.640444  1.17117e-13 3.47709e-14  0.01438     0.0042693   0.0165902     3.36824 1       77  4  4  0 0  0    0    68.834   108.16   206.503 1  -1.    N 12.98
370307     16.867 0.456301 0.461116 -3.00259e-13 8.92318e-14 -0.0119569   0.0035534   0.000834132   3.36493 Rej.  1289  8  8  0 0  0    0   700.     1000.    1300.    0   4.22  S 18.768
313276     19.785 0.478942 0.499484  2.84372e-14 8.46014e-15  0.00182211  0.000542083 0.00443085    3.36132 1      285  4  4  0 0  0    0   177.584   279.06   583.49  1  -1.    L 19.088
452376     19.934 0.656242 0.688547  2.48899e-14 7.40608e-15  0.00105336  0.000313432 0.00500077    3.36073 1      132  4  4  4 0  0    0   188.      251.     314.    0  -1.    N 21.164
2014 WL368 19.526 0.62091  0.606749 -5.57362e-13 1.66148e-13 -0.0193932   0.00578107  0.00232911    3.35461 Rej.   247  4  6  0 0  0    0   193.789   304.52   470.631 1  -1.    N  7.42
474163     20.945 0.623328 0.640084 -9.29532e-14 2.78041e-14 -0.00380405  0.00113786  0.00523649    3.34315 1      272  8  8  0 0  0   75    90.323   162.58   270.97  1   1.38  S 17.339
138911     19.345 0.533284 0.539384 -2.62126e-14 7.8408e-15  -0.000964578 0.000288528 0.00281902    3.34311 1      859  5  5  0 0  0   25   277.      346.     415.    0  15.88  L 38.847
10145      17.021 0.483065 0.487329 -9.89749e-14 2.96359e-14 -0.00508622  0.00152296  0.00116037    3.3397  Rej.  1358 10 10  0 0  0   90   666.711  1030.37  1636.47  1  49.28  Q 29.125
354030     18.563 0.439159 0.443915 -3.16761e-13 9.49782e-14 -0.012433    0.00372793  0.00433954    3.3351  Rej.  1332  9  9  3 0  0    0   328.716   474.81   913.101 1  13.5   X 20.868
7341       16.923 0.397286 0.400234 -5.85779e-15 1.75825e-15 -0.000246517 7.39937e-05 0.00150072    3.3316  1     2359  5  5 13 0  0  190   754.      793.     832.    0   4.21  Q 30.242
286079     19.203 0.51844  0.530096 -2.40214e-14 7.21295e-15 -0.00147734  0.000443602 0.00499094    3.33032 1      459  5  5  0 0  0    0   244.      337.     430.    0  -1.    N 21.059
2007 US12  22.072 0.653891 0.695345 -1.15115e-13 3.47699e-14 -0.00698525  0.00210987  0.0121036     3.31076 1       99  1  1  0 0  0    0    55.964   100.73   167.891 1  -1.    N 14.095
137924     17.446 0.56757  0.572508 -7.86133e-15 2.37474e-15 -0.00179163  0.000541213 0.00126514    3.31039 1      976  3  3  7 0  0    2   931.      970.    1009.    0  10.57  V 26.193
162825     18.05  0.591938 0.60213  -5.51486e-14 1.66629e-14 -0.00392973  0.00118735  0.00185       3.30966 Rej.   452  2  2  0 0  0    0   427.581   617.61   997.688 1  -1.    N 21.966
524196     18.606 0.541635 0.554287 -1.65017e-13 4.99216e-14 -0.00651399  0.00197064  0.00163941    3.30553 Rej.   398  4  4  0 0  0    0   336.957   486.71   786.232 1  -1.    S 20.164
106589     16.061 0.463462 0.466631  1.1929e-13  3.62383e-14  0.00554995  0.00168598  0.000460241   3.29183 Rej.  1864 26 26  0 0  0    0  2016.     3735.    5454.    0   3.1   N 22.053
2010 KQ10  21.657 0.87446  0.933221 -6.6868e-11  2.03169e-11 -3.32158     1.00921     0.00709424    3.29125 Rej.    52  1  1  0 0  0    0    65.682   118.22   275.866 1  -1.    N 10.721
1865       16.729 0.47723  0.479814 -1.18491e-14 3.60219e-15 -0.000619167 0.00018823  0.00137375    3.28941 1     2197  9  9  0 0  0  190   600.     1200.    1800.    0   6.8   Q 49.993
369986     20.409 0.589518 0.609284  2.09188e-14 6.36359e-15  0.00202891  0.000617202 0.00556519    3.28727 1      221  2  2  0 0  0   63   137.83    192.96   413.49  1  -1.    N 20.044
2009 SW19  19.611 0.628407 0.666781 -2.40455e-12 7.33943e-13 -0.10178     0.0310664   0.00287225    3.27621 Rej.   111  3  3  0 0  0    0   165.334   297.6    496.003 1  -1.    N 13.347
2007 TH1   21.916 0.690664 0.728442 -2.76881e-13 8.45641e-14 -0.0122066   0.00372809  0.0072459     3.27421 1      105  5  5  0 0  0    0    74.738    96.09   181.507 1  -1.    N 15.537
154300     19.32  0.603304 0.614264 -2.97874e-14 9.12853e-15 -0.00148068  0.000453765 0.002864      3.26311 1      402  3  3  0 0  0    0   239.462   345.88   558.744 1  -1.    N 20.997
209215     24.192 0.695796 0.749655 -4.89038e-13 1.50312e-13 -0.0211736   0.00650796  0.015714      3.25349 1       69  1  1  0 0  0    0    23.309    33.66    59.569 1  -1.    N  6.352
441823     22.159 0.635482 0.637298 -2.70731e-13 8.32617e-14 -0.00965044  0.00296793  0.00577267    3.25157 1       99  1  2  0 0  0    0    57.574    88.97   141.319 1  -1.    N 13.81
2017 JF3   21.725 0.487799 0.529588 -5.41323e-14 1.66723e-14 -0.00274995  0.000846963 0.00940077    3.24684 1      124  0  0  0 0  0    0    76.066   109.87   194.391 1  -1.    S 13.3
2003 AC23  21.659 0.460469 0.523417  3.40824e-12 1.0504e-12   0.148545    0.0457808   0.0060957     3.2447  Rej.    86  1  1  0 0  0    0    74.375   116.87   223.124 1  -1.    N 16.036
23548      17.092 0.532855 0.55245  -1.51211e-13 4.66473e-14 -0.00578465  0.00178451  0.000750434   3.24159 Rej.   248  1  1  0 0  0   42   226.433   679.29  2037.9   1  -1.    S 27.603
338292     19.096 0.4913   0.500755 -2.20661e-14 6.84348e-15 -0.00137484  0.000426387 0.00272059    3.2244  1      557  2  2  0 0  0    0   278.902   402.85   712.75  1  -1.    S 20.066
2013 KS1   26.825 0.649165 0.6817   -1.0176e-12  3.15674e-13 -0.0418094   0.0129699   0.0207233     3.22357 1      121  1  1  0 0  0    0     7.118     9.15    17.286 1  -1.    N  9.018
4660       18.735 0.307456 0.309159  1.84571e-14 5.72957e-15  0.000738005 0.000229096 0.00159864    3.22138 1     4942 19 19 37 0  0   49   280.      330.     380.    0  15.16  M 40.665
2007 GU4   22.642 0.500689 0.484133  1.41302e-11 4.39441e-12  0.691437    0.215033    0.0110788     3.2155  Rej.    95  0  1  0 0  0    0    31.726    74.02   116.33  1  -1.    N 15.441
443837     19.658 0.593975 0.599567 -2.87761e-14 8.97008e-15 -0.00114183  0.000355932 0.00336547    3.20801 1      780  9  9  0 0  0    0   213.      253.     293.    0  14.09  S 20.06
323300     19.687 0.465654 0.481491 -6.42285e-14 2.00248e-14 -0.00280752  0.000875314 0.00298394    3.20745 1      348  5  5  0 0  0    0   163.403   228.76   424.847 1  -1.    N 19.225
2008 SZ150 23.883 0.506151 0.574849 -2.39557e-13 7.48266e-14 -0.00962163  0.00300536  0.0114911     3.20149 1       69  0  0  0 0  0    0    27.11     39.15    69.282 1  -1.    N 10.089
173664     19.687 0.699583 0.712648 -1.27656e-13 3.99296e-14 -0.0047431   0.0014836   0.00289936    3.19703 1      278  1  1  0 0  0    0   160.03    251.47   480.089 1  -1.    S 21.766
159467     18.382 0.546979 0.554075 -9.51768e-14 2.98193e-14 -0.00326529  0.00102303  0.00120675    3.19179 Rej.   654  2  2  0 0  0    0   349.375   476.42   794.034 1  -1.    N 22.448
162080     19.988 0.786187 0.792764 -2.0828e-14  6.53168e-15 -0.00107151  0.000336027 0.00221309    3.18877 1      510 20 20  0 0  0   47   514.      567.     620.    0  -1.    N 40.085
2012 DY32  22.687 0.428825 0.498933 -6.92815e-14 2.17482e-14 -0.00290572  0.000912136 0.00948361    3.18562 Rej.    78  0  0  0 0  0    0    40.666    75.52   133.615 1  -1.    N 17.235
252558     20.224 0.645161 0.645912 -7.63239e-14 2.40398e-14 -0.00368716  0.00116135  0.00224556    3.1749  1      272  1  2  0 0  0    0   507.      538.     569.    0  -1.    N 16.988
2013 BO27  24.122 0.489382 0.569477 -5.59297e-14 1.76793e-14 -0.00299346  0.000946227 0.0205182     3.16357 1       59  0  0  0 0  0    0    26.398    38.58    58.887 1  -1.    N 10.012
2003 FF5   23.27  0.616905 0.658847 -7.18798e-14 2.27429e-14 -0.00287374  0.000909258 0.00981125    3.16054 1      164  5  4  0 0  0    0    35.893    56.4     97.424 1  -1.    N 16.367
2018 RV3   23.053 0.765674 0.738975 -3.18189e-13 1.00816e-13 -0.01227     0.00388767  0.00846694    3.15614 1      109  0  2  0 0  0    0    35.62     51.45    91.03  1  -1.    N  9.599
2017 TJ1   20.731 0.571833 0.616801 -5.1354e-13  1.62868e-13 -0.0204928   0.00649926  0.00434323    3.1531  Rej.    95  2  2  0 0  0    0   122.819   177.4    286.578 1  -1.    N  8.082
5604       17.284 0.465076 0.464076 -2.32587e-14 7.39822e-15 -0.00122743  0.000390426 0.00160341    3.14383 Rej.   979  8  9  6 0  0   50   937.      952.     967.    0   5.33  V 43.918
482798     18.396 0.600852 0.634005 -2.52132e-13 8.043e-14   -0.0272391   0.00868926  0.00440411    3.1348  Rej.   120  0  0  0 0  0    0   340.      510.     680.    0  -1.    N 21.916
2011 CE50  23.121 0.794319 0.837886 -1.66974e-13 5.33043e-14 -0.00731267  0.00233447  0.0116181     3.13247 1       73  4  4  0 0  0    0    33.617    52.82   100.852 1  -1.    N  8.895
257838     17.907 0.518025 0.523692 -2.9131e-13  9.30008e-14 -0.0101895   0.00325301  0.00172953    3.13234 Rej.   837  6  6  0 0  0    2   456.576   622.6   1120.68  1  11.08  V 38.157
2018 CC14  22.462 0.613569 0.657278  1.07572e-13 3.44065e-14  0.00450974  0.00144242  0.00729202    3.12652 1       88  0  0  0 0  0    0    55.278    79.84   128.982 1  -1.    N  9.125
11066      15.163 0.426408 0.429298 -3.78985e-14 1.21535e-14 -0.00158786  0.000509203 0.000355143   3.11832 Rej.  1969  5  5  5 0  0  171  2259.     2358.    2457.    0   8.5   S 47.118
410088     18.248 0.44885  0.451251 -9.21339e-14 2.95835e-14 -0.00410334  0.00131755  0.000487234   3.11437 Rej.  1750  8  8  2 0  0    0  1019.     1030.    1041.    0   2.37  M 16.134
2015 TW178 21.151 0.452494 0.485691  9.08325e-14 2.92334e-14  0.00324015  0.0010428   0.00399913    3.10715 1      155  0  0  0 0  0    0   101.022   145.92   235.719 1  -1.    N 14.283
189700     19.045 0.519581 0.536198 -5.80129e-14 1.86892e-14 -0.00211431  0.000681137 0.00194972    3.10409 1      536  7  6  0 0  0    0   254.404   367.47   593.609 1   5.    N 20.756
152742     19.14  0.533887 0.542994  1.79601e-14 5.79048e-15  0.00179347  0.000578228 0.00331702    3.10166 1      496  5  5  0 0  0   65   408.      413.     418.    0  -1.    N 27.151
469356     18.77  0.619214 0.608017 -3.54407e-13 1.14341e-13 -0.0198012   0.00638839  0.00234953    3.09956 Rej.   118  3  4  0 0  0    0   265.271   416.85   720.023 1  -1.    N 16.079
1221       17.541 0.613711 0.620081 -6.11558e-15 1.97597e-15 -0.000231352 7.47509e-05 0.000953274   3.09498 1      627 18 18  0 0  0  304   504.738   780.05  1238.9   1  -1.    N 91.365
162181     18.193 0.484165 0.487114 -1.78127e-14 5.76052e-15 -0.000691622 0.000223666 0.00117907    3.09221 1     1674  6  6  2 0  0  362   710.      732.     754.    0  37.26  N 42.426
249615     19.002 0.455027 0.481276 -8.99897e-14 2.91441e-14 -0.0032219   0.00104345  0.00175318    3.08775 1      196  2  2  0 0  0   88   267.616   327.08   624.437 1  -1.    N 22.081
513312     22.009 0.491125 0.513493  1.03173e-13 3.34233e-14  0.00558536  0.0018094   0.0100082     3.08685 1      218  6  6  0 0  0    0    52.983    95.36   158.948 1  -1.    N 10.727
2021 WC8   19.899 0.513724 0.533578 -3.66763e-13 1.18842e-13 -0.0190548   0.0061743   0.00306778    3.08614 Rej.   233  4  4  0 0  0    0   151.667   252.77   455.001 1  -1.    N 21.662
171819     18.361 0.512036 0.517296 -6.33826e-14 2.05906e-14 -0.00226359  0.000735354 0.00231041    3.07823 1      880  5  5  0 0  0    0   346.478   472.47   787.45  1  15.24  V 22.237
189011     19.059 0.633753 0.649322 -4.84481e-14 1.5746e-14  -0.00177557  0.000577075 0.00209042    3.07685 1      242  5  5  0 0  0   66   239.163   349.54   533.517 1  -1.    N 24.55
339492     18.361 0.648599 0.646273  5.96829e-14 1.94239e-14  0.00222544  0.000724273 0.00146475    3.07265 Rej.   305  7  8  0 0  0    2   128.797   386.39   901.58  1  -1.    S 38.609
2004 TG10  19.47  0.62781  0.663188 -4.50055e-13 1.46721e-13 -0.0488035   0.0159103   0.0024576     3.06742 Rej.   103  0  0  0 0  0    0   710.     1320.    1930.    0  -1.    N 13.878
523605     21.323 0.506681 0.528931 -5.24296e-14 1.7101e-14  -0.00264863  0.000863907 0.00755793    3.06588 1      204  0  0  0 0  0    0    83.809   131.69   227.48  1  -1.    N 15.072
322763     17.176 0.529188 0.537936 -1.72186e-13 5.64054e-14 -0.00724819  0.00237439  0.000649331   3.05265 Rej.   501  2  2  0 0  0    6  1209.     1244.    1279.    0  -1.    S 43.754
2006 TD    22.383 0.401151 0.376506  1.57981e-13 5.18585e-14  0.00629294  0.00206571  0.0071306     3.04639 1       46  0  1  0 0  0    0    57.01     82.34   133.023 1  -1.    N 13.572
2011 XC    20.915 0.512675 0.546323  9.21785e-14 3.02866e-14  0.00355603  0.00116839  0.00455684    3.04354 Rej.   132  2  2  0 0  0    7    88.985   160.17   266.956 1  -1.    N 20.589
2021 SP4   20.996 0.606201 0.628779 -1.92204e-13 6.3172e-14  -0.00806162  0.00264963  0.00483609    3.04255 Rej.   167  1  1  0 0  0    0   118.649   161.79   269.657 1  -1.    N 16.682
2006 GX2   20.713 0.454588 0.493369 -8.77606e-14 2.89479e-14 -0.00400236  0.00132018  0.00450666    3.03167 1      125  0  0  0 0  0    0   129.807   177.     295.016 1  -1.    N 14.116
2015 XW261 21.393 0.345042 0.372795 -7.50646e-14 2.47974e-14 -0.00364848  0.00120527  0.00708329    3.02712 Rej.   231  1  1  0 0  0    0    70.025   126.04   238.084 1  -1.    N 13.952
2017 US4   21.505 0.584898 0.661254 -2.88035e-13 9.52715e-14 -0.0108291   0.00358188  0.00520532    3.0233  1       48  0  0  0 0  0    0    83.186   120.15   212.586 1  -1.    N 15.086
2006 WF129 19.036 0.711307 0.745715 -1.48509e-12 4.91616e-13 -0.0539077   0.0178453   0.00149536    3.02083 Rej.    94  3  3  0 0  0    0   248.842   462.13   817.625 1  -1.    N 16.58
2003 TG2   21.349 0.649184 0.701144 -8.60522e-14 2.84971e-14 -0.00426075  0.00141099  0.00738024    3.01968 1       70  5  5  0 0  0    0    57.941   135.19   251.077 1  -1.    N 19.039
2005 NE21  21.268 0.587481 0.615949  5.85214e-14 1.93895e-14  0.00371153  0.00122972  0.00835652    3.0182  1      136  3  3  0 0  0    0   102.221   147.65   261.232 1  -1.    S 14.007
152664     19.669 0.478537 0.486609  1.62328e-14 5.38141e-15  0.000907134 0.000300729 0.00442045    3.01645 1      578  3  3 18 0  0   40   225.018   353.59   739.343 1  17.38  Q 27.91
7336       18.789 0.464234 0.469641  3.14514e-14 1.04384e-14  0.00114271  0.000379253 0.00221781    3.01305 1      909 10 10  0 0  0  203   273.707   430.11   742.918 1   3.36  Q 35.239
162416     21.33  0.585074 0.489558  1.55914e-11 5.18229e-12  0.630594    0.209598    0.00690151    3.00859 Rej.    59  4  6  6 0  0    0   116.      141.     166.    0  -1.    N  5.322
1999 SF10  24.212 0.575818 0.641836  8.1171e-13  2.70497e-13  0.0325665   0.0108526   0.00890022    3.00081 Rej.    61  5  5  0 0  0   52    21.895    36.49    60.82  1   0.04  N 13.196